time	trial	cursorx	cursory	hand_x	hand_Y	rotation	step	targetangle	targetposx	targetposy	garagelocation	garageposx	garageposy	homex	homey	group	trial_type
1	0	0.64345	-7.0136	0.64345	-7.0136	0	5	75	3.1058	4.2474	-1	-5.8942	3.2474	0	-7.3438	1	1
1	28.994	0.32173	-7.5606	0.32173	-7.5606	0	1	75	3.1058	4.2474	-1	-5.8942	3.2474	0	-7.3438	1	1
1	45.618	0.28151	-7.5927	0.28151	-7.5927	0	1	75	3.1058	4.2474	-1	-5.8942	3.2474	0	-7.3438	1	1
1	62.294	0.28151	-7.5927	0.28151	-7.5927	0	1	75	3.1058	4.2474	-1	-5.8942	3.2474	0	-7.3438	1	1
1	78.777	0.30162	-7.5927	0.30162	-7.5927	0	1	75	3.1058	4.2474	-1	-5.8942	3.2474	0	-7.3438	1	1
1	95.379	0.30162	-7.6249	0.30162	-7.6249	0	1	75	3.1058	4.2474	-1	-5.8942	3.2474	0	-7.3438	1	1
1	112.04	0.28151	-7.6249	0.28151	-7.6249	0	1	75	3.1058	4.2474	-1	-5.8942	3.2474	0	-7.3438	1	1
1	128.67	0.28151	-7.6249	0.28151	-7.6249	0	1	75	3.1058	4.2474	-1	-5.8942	3.2474	0	-7.3438	1	1
1	145.18	0.28151	-7.6249	0.28151	-7.6249	0	1	75	3.1058	4.2474	-1	-5.8942	3.2474	0	-7.3438	1	1
1	161.78	0.28151	-7.6249	0.28151	-7.6249	0	1	75	3.1058	4.2474	-1	-5.8942	3.2474	0	-7.3438	1	1
1	178.42	0.28151	-7.6249	0.28151	-7.6249	0	1	75	3.1058	4.2474	-1	-5.8942	3.2474	0	-7.3438	1	1
1	195.02	0.28151	-7.6249	0.28151	-7.6249	0	1	75	3.1058	4.2474	-1	-5.8942	3.2474	0	-7.3438	1	1
1	211.62	0.28151	-7.6249	0.28151	-7.6249	0	1	75	3.1058	4.2474	-1	-5.8942	3.2474	0	-7.3438	1	1
1	228.23	0.28151	-7.6249	0.28151	-7.6249	0	1	75	3.1058	4.2474	-1	-5.8942	3.2474	0	-7.3438	1	1
1	244.74	0.28151	-7.6249	0.28151	-7.6249	0	1	75	3.1058	4.2474	-1	-5.8942	3.2474	0	-7.3438	1	1
1	261.38	0.28151	-7.6249	0.28151	-7.6249	0	1	75	3.1058	4.2474	-1	-5.8942	3.2474	0	-7.3438	1	1
1	277.97	0.28151	-7.6249	0.28151	-7.6249	0	1	75	3.1058	4.2474	-1	-5.8942	3.2474	0	-7.3438	1	1
1	294.72	0.28151	-7.6249	0.28151	-7.6249	0	1	75	3.1058	4.2474	-1	-5.8942	3.2474	0	-7.3438	1	1
1	310.94	0.28151	-7.6249	0.28151	-7.6249	0	1	75	3.1058	4.2474	-1	-5.8942	3.2474	0	-7.3438	1	1
1	327.73	0.28151	-7.6249	0.28151	-7.6249	0	1	75	3.1058	4.2474	-1	-5.8942	3.2474	0	-7.3438	1	1
1	344.01	0.30162	-7.6249	0.30162	-7.6249	0	1	75	3.1058	4.2474	-1	-5.8942	3.2474	0	-7.3438	1	1
1	360.99	0.28151	-7.6249	0.28151	-7.6249	0	1	75	3.1058	4.2474	-1	-5.8942	3.2474	0	-7.3438	1	1
1	377.58	0.28151	-7.5927	0.28151	-7.5927	0	1	75	3.1058	4.2474	-1	-5.8942	3.2474	0	-7.3438	1	1
1	394.16	0.28151	-7.5606	0.28151	-7.5606	0	1	75	3.1058	4.2474	-1	-5.8942	3.2474	0	-7.3438	1	1
1	410.7	0.24129	-7.464	0.24129	-7.464	0	1	75	3.1058	4.2474	-1	-5.8942	3.2474	0	-7.3438	1	1
1	427.28	0.20108	-7.2067	0.20108	-7.2067	0	1	75	3.1058	4.2474	-1	-5.8942	3.2474	0	-7.3438	1	1
1	443.87	0.16086	-6.7884	0.16086	-6.7884	0	1	75	3.1058	4.2474	-1	-5.8942	3.2474	0	-7.3438	1	1
1	460.5	0.14076	-6.531	0.14076	-6.531	0	1	75	3.1058	4.2474	-1	-5.8942	3.2474	0	-7.3438	1	1
1	477.13	0.12065	-5.9841	0.12065	-5.9841	0	1	75	3.1058	4.2474	-1	-5.8942	3.2474	0	-7.3438	1	1
1	493.72	0.12065	-5.6946	0.12065	-5.6946	0	1	75	3.1058	4.2474	-1	-5.8942	3.2474	0	-7.3438	1	1
1	510.32	0.12065	-5.1476	0.12065	-5.1476	0	1	75	3.1058	4.2474	-1	-5.8942	3.2474	0	-7.3438	1	1
1	527	0.16086	-4.5363	0.16086	-4.5363	0	1	75	3.1058	4.2474	-1	-5.8942	3.2474	0	-7.3438	1	1
1	543.59	0.2614	-3.7964	0.2614	-3.7964	0	2	75	3.1058	4.2474	-1	-5.8942	3.2474	0	-7.3438	1	1
1	560.07	0.32173	-3.4103	0.32173	-3.4103	0	2	75	3.1058	4.2474	-1	-5.8942	3.2474	0	-7.3438	1	1
1	576.61	0.44237	-2.6382	0.44237	-2.6382	0	2	75	3.1058	4.2474	-1	-5.8942	3.2474	0	-7.3438	1	1
1	593.22	0.5027	-2.2843	0.5027	-2.2843	0	2	75	3.1058	4.2474	-1	-5.8942	3.2474	0	-7.3438	1	1
1	609.87	0.66356	-1.5443	0.66356	-1.5443	0	2	75	3.1058	4.2474	-1	-5.8942	3.2474	0	-7.3438	1	1
1	626.39	0.90485	-0.73997	0.90485	-0.73997	0	2	75	3.1058	4.2474	-1	-5.8942	3.2474	0	-7.3438	1	1
1	643.1	1.2467	0.096518	1.2467	0.096518	0	2	75	3.1058	4.2474	-1	-5.8942	3.2474	0	-7.3438	1	1
1	659.45	1.4076	0.51476	1.4076	0.51476	0	2	75	3.1058	4.2474	-1	-5.8942	3.2474	0	-7.3438	1	1
1	676.2	1.669	1.2226	1.669	1.2226	0	2	75	3.1058	4.2474	-1	-5.8942	3.2474	0	-7.3438	1	1
1	692.55	1.7896	1.5443	1.7896	1.5443	0	2	75	3.1058	4.2474	-1	-5.8942	3.2474	0	-7.3438	1	1
1	709.38	2.051	2.1877	2.051	2.1877	0	2	75	3.1058	4.2474	-1	-5.8942	3.2474	0	-7.3438	1	1
1	725.99	2.3727	2.799	2.3727	2.799	0	2	75	3.1058	4.2474	-1	-5.8942	3.2474	0	-7.3438	1	1
1	742.59	2.5336	3.0564	2.5336	3.0564	0	2	75	3.1058	4.2474	-1	-5.8942	3.2474	0	-7.3438	1	1
1	759.2	2.8352	3.5712	2.8352	3.5712	0	2	75	3.1058	4.2474	-1	-5.8942	3.2474	0	-7.3438	1	1
1	775.82	3.0765	3.5712	3.0765	3.9894	0	2	75	3.1058	4.2474	-1	-5.8942	3.2474	0	-7.3438	1	1
1	792.36	3.1972	3.5712	3.1972	4.1824	0	2	75	3.1058	4.2474	-1	-5.8942	3.2474	0	-7.3438	1	1
1	809.02	3.3982	3.5712	3.3982	4.5685	0	3	75	3.1058	4.2474	-1	-5.8942	3.2474	0	-7.3438	1	1
1	825.62	3.6194	3.5712	3.6194	4.8902	0	4	75	3.1058	4.2474	-1	-5.8942	3.2474	0	-7.3438	1	1
1	842.24	3.7401	3.5712	3.7401	5.0833	0	4	75	3.1058	4.2474	-1	-5.8942	3.2474	0	-7.3438	1	1
1	858.82	3.9613	3.5712	3.9613	5.3728	0	4	75	3.1058	4.2474	-1	-5.8942	3.2474	0	-7.3438	1	1
1	875.4	4.1623	3.5712	4.1623	5.6302	0	4	75	3.1058	4.2474	-1	-5.8942	3.2474	0	-7.3438	1	1
1	892.01	4.2227	3.5712	4.2227	5.7267	0	4	75	3.1058	4.2474	-1	-5.8942	3.2474	0	-7.3438	1	1
1	908.57	4.3031	3.5712	4.3031	5.9198	0	4	75	3.1058	4.2474	-1	-5.8942	3.2474	0	-7.3438	1	1
1	925.12	4.3433	3.5712	4.3433	6.145	0	4	75	3.1058	4.2474	-1	-5.8942	3.2474	0	-7.3438	1	1
1	941.74	4.3634	3.5712	4.3634	6.2415	0	4	75	3.1058	4.2474	-1	-5.8942	3.2474	0	-7.3438	1	1
1	958.35	4.3835	3.5712	4.3835	6.4024	0	4	75	3.1058	4.2474	-1	-5.8942	3.2474	0	-7.3438	1	1
1	974.92	4.3835	3.5712	4.3835	6.4667	0	4	75	3.1058	4.2474	-1	-5.8942	3.2474	0	-7.3438	1	1
1	991.53	4.3634	3.5712	4.3634	6.4989	0	4	75	3.1058	4.2474	-1	-5.8942	3.2474	0	-7.3438	1	1
1	1008.5	4.283	3.5712	4.283	6.4667	0	4	75	3.1058	4.2474	-1	-5.8942	3.2474	0	-7.3438	1	1
1	1024.7	4.1422	3.5712	4.1422	6.4024	0	4	75	3.1058	4.2474	-1	-5.8942	3.2474	0	-7.3438	1	1
1	1041.2	4.0618	3.5712	4.0618	6.338	0	4	75	3.1058	4.2474	-1	-5.8942	3.2474	0	-7.3438	1	1
1	1057.9	3.8004	3.5712	3.8004	6.1771	0	4	75	3.1058	4.2474	-1	-5.8942	3.2474	0	-7.3438	1	1
1	1074.6	3.6194	3.5712	3.6194	6.0485	0	4	75	3.1058	4.2474	-1	-5.8942	3.2474	0	-7.3438	1	1
1	1091.1	3.1972	3.5712	3.1972	5.8232	0	4	75	3.1058	4.2474	-1	-5.8942	3.2474	0	-7.3438	1	1
1	1107.7	2.6542	3.5712	2.6542	5.5337	0	4	75	3.1058	4.2474	-1	-5.8942	3.2474	0	-7.3438	1	1
1	1124.3	2.0108	3.5712	2.0108	5.2763	0	4	75	3.1058	4.2474	-1	-5.8942	3.2474	0	-7.3438	1	1
1	1140.9	1.6488	3.5712	1.6488	5.1476	0	4	75	3.1058	4.2474	-1	-5.8942	3.2474	0	-7.3438	1	1
1	1157.5	0.90485	3.5712	0.90485	4.9546	0	4	75	3.1058	4.2474	-1	-5.8942	3.2474	0	-7.3438	1	1
1	1174.1	0.54291	3.5712	0.54291	4.8581	0	4	75	3.1058	4.2474	-1	-5.8942	3.2474	0	-7.3438	1	1
1	1190.7	-0.24129	3.5712	-0.24129	4.7294	0	4	75	3.1058	4.2474	-1	-5.8942	3.2474	0	-7.3438	1	1
1	1207.2	-1.0858	3.5712	-1.0858	4.5685	0	4	75	3.1058	4.2474	-1	-5.8942	3.2474	0	-7.3438	1	1
1	1223.8	-1.9706	3.5712	-1.9706	4.3755	0	4	75	3.1058	4.2474	-1	-5.8942	3.2474	0	-7.3438	1	1
1	1240.4	-2.4129	3.5712	-2.4129	4.279	0	4	75	3.1058	4.2474	-1	-5.8942	3.2474	0	-7.3438	1	1
1	1257	-3.2776	3.5712	-3.2776	4.0859	0	4	75	3.1058	4.2474	-1	-5.8942	3.2474	0	-7.3438	1	1
1	1273.6	-3.6999	3.5712	-3.6999	3.9894	0	4	75	3.1058	4.2474	-1	-5.8942	3.2474	0	-7.3438	1	1
1	1290.2	-4.4841	3.5712	-4.4841	3.7964	0	4	75	3.1058	4.2474	-1	-5.8942	3.2474	0	-7.3438	1	1
1	1306.8	-5.2482	3.6033	-5.2482	3.6033	0	4	75	3.1058	4.2474	-1	-5.8942	3.2474	0	-7.3438	1	1
1	1323.5	-5.9117	3.4425	-5.9117	3.4425	0	4	75	3.1058	4.2474	-1	-5.8942	3.2474	0	-7.3438	1	1
1	1340	-6.2133	3.346	-6.2133	3.346	0	4	75	3.1058	4.2474	-1	-5.8942	3.2474	0	-7.3438	1	1
1	1356.4	-6.716	3.1207	-6.716	3.1207	0	4	75	3.1058	4.2474	-1	-5.8942	3.2474	0	-7.3438	1	1
1	1373.2	-6.9171	3.0242	-6.9171	3.0242	0	5	75	3.1058	4.2474	-1	-5.8942	3.2474	0	-7.3438	1	1
1	1389.7	-7.2589	2.8634	-7.2589	2.8634	0	5	75	3.1058	4.2474	-1	-5.8942	3.2474	0	-7.3438	1	1
1	1406.4	-7.5405	2.7347	-7.5405	2.7347	0	5	75	3.1058	4.2474	-1	-5.8942	3.2474	0	-7.3438	1	1
1	1423.1	-7.7415	2.6703	-7.7415	2.6703	0	5	75	3.1058	4.2474	-1	-5.8942	3.2474	0	-7.3438	1	1
1	1439.6	-7.8019	2.6382	-7.8019	2.6382	0	5	75	3.1058	4.2474	-1	-5.8942	3.2474	0	-7.3438	1	1
1	1456.2	-7.8421	2.606	-7.8421	2.606	0	5	75	3.1058	4.2474	-1	-5.8942	3.2474	0	-7.3438	1	1
1	1472.7	-7.822	2.5738	-7.822	2.5738	0	5	75	3.1058	4.2474	-1	-5.8942	3.2474	0	-7.3438	1	1
1	1489.3	-7.7013	2.4773	-7.7013	2.4773	0	5	75	3.1058	4.2474	-1	-5.8942	3.2474	0	-7.3438	1	1
1	1505.9	-7.6209	2.4451	-7.6209	2.4451	0	5	75	3.1058	4.2474	-1	-5.8942	3.2474	0	-7.3438	1	1
1	1522.6	-7.3997	2.3486	-7.3997	2.3486	0	5	75	3.1058	4.2474	-1	-5.8942	3.2474	0	-7.3438	1	1
1	1539.1	-7.0981	2.2843	-7.0981	2.2843	0	5	75	3.1058	4.2474	-1	-5.8942	3.2474	0	-7.3438	1	1
1	1555.7	-6.6959	2.1556	-6.6959	2.1556	0	5	75	3.1058	4.2474	-1	-5.8942	3.2474	0	-7.3438	1	1
1	1572.3	-6.4546	2.0912	-6.4546	2.0912	0	5	75	3.1058	4.2474	-1	-5.8942	3.2474	0	-7.3438	1	1
1	1588.9	-5.9318	1.866	-5.9318	1.866	0	5	75	3.1058	4.2474	-1	-5.8942	3.2474	0	-7.3438	1	1
1	1605.5	-5.6503	1.7695	-5.6503	1.7695	0	5	75	3.1058	4.2474	-1	-5.8942	3.2474	0	-7.3438	1	1
1	1622	-5.0873	1.4799	-5.0873	1.4799	0	5	75	3.1058	4.2474	-1	-5.8942	3.2474	0	-7.3438	1	1
1	1638.7	-4.5042	1.1582	-4.5042	1.1582	0	5	75	3.1058	4.2474	-1	-5.8942	3.2474	0	-7.3438	1	1
1	1655.3	-3.8607	0.73997	-3.8607	0.73997	0	5	75	3.1058	4.2474	-1	-5.8942	3.2474	0	-7.3438	1	1
1	1671.9	-3.5189	0.48259	-3.5189	0.48259	0	5	75	3.1058	4.2474	-1	-5.8942	3.2474	0	-7.3438	1	1
1	1688.5	-2.8553	-0.064345	-2.8553	-0.064345	0	5	75	3.1058	4.2474	-1	-5.8942	3.2474	0	-7.3438	1	1
1	1705.5	-2.5336	-0.3539	-2.5336	-0.3539	0	5	75	3.1058	4.2474	-1	-5.8942	3.2474	0	-7.3438	1	1
1	1721.6	-1.9102	-0.99735	-1.9102	-0.99735	0	5	75	3.1058	4.2474	-1	-5.8942	3.2474	0	-7.3438	1	1
1	1738.1	-1.3673	-1.7051	-1.3673	-1.7051	0	5	75	3.1058	4.2474	-1	-5.8942	3.2474	0	-7.3438	1	1
1	1754.8	-1.126	-2.059	-1.126	-2.059	0	5	75	3.1058	4.2474	-1	-5.8942	3.2474	0	-7.3438	1	1
1	1771.4	-0.64345	-2.7668	-0.64345	-2.7668	0	5	75	3.1058	4.2474	-1	-5.8942	3.2474	0	-7.3438	1	1
1	1788	-0.18097	-3.4746	-0.18097	-3.4746	0	5	75	3.1058	4.2474	-1	-5.8942	3.2474	0	-7.3438	1	1
1	1804.6	0	-3.8607	0	-3.8607	0	5	75	3.1058	4.2474	-1	-5.8942	3.2474	0	-7.3438	1	1
1	1821.2	0.32173	-4.6972	0.32173	-4.6972	0	5	75	3.1058	4.2474	-1	-5.8942	3.2474	0	-7.3438	1	1
1	1837.8	0.54291	-5.4693	0.54291	-5.4693	0	5	75	3.1058	4.2474	-1	-5.8942	3.2474	0	-7.3438	1	1
1	1854.4	0.64345	-5.8554	0.64345	-5.8554	0	5	75	3.1058	4.2474	-1	-5.8942	3.2474	0	-7.3438	1	1
1	1871	0.80432	-6.5954	0.80432	-6.5954	0	5	75	3.1058	4.2474	-1	-5.8942	3.2474	0	-7.3438	1	1
1	1887.6	0.86464	-7.1745	0.86464	-7.1745	0	5	75	3.1058	4.2474	-1	-5.8942	3.2474	0	-7.3438	1	1
1	1904.2	0.84453	-7.3354	0.84453	-7.3354	0	5	75	3.1058	4.2474	-1	-5.8942	3.2474	0	-7.3438	1	1
1	1920.8	0.80432	-7.464	0.80432	-7.464	0	5	75	3.1058	4.2474	-1	-5.8942	3.2474	0	-7.3438	1	1
1	1937.3	0.80432	-7.4962	0.80432	-7.4962	0	5	75	3.1058	4.2474	-1	-5.8942	3.2474	0	-7.3438	1	1
1	1954	0.80432	-7.4962	0.80432	-7.4962	0	5	75	3.1058	4.2474	-1	-5.8942	3.2474	0	-7.3438	1	1
1	1970.5	0.80432	-7.4962	0.80432	-7.4962	0	5	75	3.1058	4.2474	-1	-5.8942	3.2474	0	-7.3438	1	1
1	1987.2	0.80432	-7.4962	0.80432	-7.4962	0	5	75	3.1058	4.2474	-1	-5.8942	3.2474	0	-7.3438	1	1
1	2003.8	0.80432	-7.4962	0.80432	-7.4962	0	5	75	3.1058	4.2474	-1	-5.8942	3.2474	0	-7.3438	1	1
1	2020.3	0.80432	-7.4962	0.80432	-7.4962	0	5	75	3.1058	4.2474	-1	-5.8942	3.2474	0	-7.3438	1	1
1	2036.9	0.78421	-7.5284	0.78421	-7.5284	0	5	75	3.1058	4.2474	-1	-5.8942	3.2474	0	-7.3438	1	1
1	2053.5	0.7641	-7.5284	0.7641	-7.5284	0	5	75	3.1058	4.2474	-1	-5.8942	3.2474	0	-7.3438	1	1
1	2070.1	0.7641	-7.5284	0.7641	-7.5284	0	5	75	3.1058	4.2474	-1	-5.8942	3.2474	0	-7.3438	1	1
1	2086.7	0.7641	-7.5284	0.7641	-7.5284	0	5	75	3.1058	4.2474	-1	-5.8942	3.2474	0	-7.3438	1	1
1	2103.3	0.7641	-7.5284	0.7641	-7.5284	0	5	75	3.1058	4.2474	-1	-5.8942	3.2474	0	-7.3438	1	1
1	2119.7	0.7641	-7.5284	0.7641	-7.5284	0	5	75	3.1058	4.2474	-1	-5.8942	3.2474	0	-7.3438	1	1
1	2136.6	0.7641	-7.5284	0.7641	-7.5284	0	5	75	3.1058	4.2474	-1	-5.8942	3.2474	0	-7.3438	1	1
1	2152.9	0.7641	-7.5284	0.7641	-7.5284	0	5	75	3.1058	4.2474	-1	-5.8942	3.2474	0	-7.3438	1	1
1	2169.7	0.7641	-7.5284	0.7641	-7.5284	0	5	75	3.1058	4.2474	-1	-5.8942	3.2474	0	-7.3438	1	1
1	2186.2	0.7641	-7.5284	0.7641	-7.5284	0	5	75	3.1058	4.2474	-1	-5.8942	3.2474	0	-7.3438	1	1
1	2202.9	0.7641	-7.5284	0.7641	-7.5284	0	5	75	3.1058	4.2474	-1	-5.8942	3.2474	0	-7.3438	1	1
1	2219.6	0.7641	-7.5284	0.7641	-7.5284	0	5	75	3.1058	4.2474	-1	-5.8942	3.2474	0	-7.3438	1	1
1	2236.1	0.7641	-7.5284	0.7641	-7.5284	0	5	75	3.1058	4.2474	-1	-5.8942	3.2474	0	-7.3438	1	1
1	2252.7	0.74399	-7.5284	0.74399	-7.5284	0	5	75	3.1058	4.2474	-1	-5.8942	3.2474	0	-7.3438	1	1
1	2269.3	0.74399	-7.4962	0.74399	-7.4962	0	5	75	3.1058	4.2474	-1	-5.8942	3.2474	0	-7.3438	1	1
1	2285.9	0.74399	-7.4962	0.74399	-7.4962	0	5	75	3.1058	4.2474	-1	-5.8942	3.2474	0	-7.3438	1	1
1	2302.5	0.72388	-7.4962	0.72388	-7.4962	0	5	75	3.1058	4.2474	-1	-5.8942	3.2474	0	-7.3438	1	1
1	2319	0.72388	-7.464	0.72388	-7.464	0	5	75	3.1058	4.2474	-1	-5.8942	3.2474	0	-7.3438	1	1
2	0	0.72388	-7.464	0.72388	-7.464	0	5	105	-3.1058	4.2474	-1	-12.106	3.2474	0	-7.3438	1	1
2	30.255	0.70378	-7.464	0.70378	-7.464	0	1	105	-3.1058	4.2474	-1	-12.106	3.2474	0	-7.3438	1	1
2	46.798	0.68367	-7.4319	0.68367	-7.4319	0	1	105	-3.1058	4.2474	-1	-12.106	3.2474	0	-7.3438	1	1
2	63.454	0.62334	-7.4319	0.62334	-7.4319	0	1	105	-3.1058	4.2474	-1	-12.106	3.2474	0	-7.3438	1	1
2	80.024	0.40216	-7.464	0.40216	-7.464	0	1	105	-3.1058	4.2474	-1	-12.106	3.2474	0	-7.3438	1	1
2	96.683	0.20108	-7.464	0.20108	-7.464	0	1	105	-3.1058	4.2474	-1	-12.106	3.2474	0	-7.3438	1	1
2	113.33	0.16086	-7.464	0.16086	-7.464	0	1	105	-3.1058	4.2474	-1	-12.106	3.2474	0	-7.3438	1	1
2	129.95	0.18097	-7.464	0.18097	-7.464	0	1	105	-3.1058	4.2474	-1	-12.106	3.2474	0	-7.3438	1	1
2	146.5	0.18097	-7.464	0.18097	-7.464	0	1	105	-3.1058	4.2474	-1	-12.106	3.2474	0	-7.3438	1	1
2	163.09	0.18097	-7.464	0.18097	-7.464	0	1	105	-3.1058	4.2474	-1	-12.106	3.2474	0	-7.3438	1	1
2	180.22	0.18097	-7.464	0.18097	-7.464	0	1	105	-3.1058	4.2474	-1	-12.106	3.2474	0	-7.3438	1	1
2	196.2	0.18097	-7.464	0.18097	-7.464	0	1	105	-3.1058	4.2474	-1	-12.106	3.2474	0	-7.3438	1	1
2	212.72	0.18097	-7.464	0.18097	-7.464	0	1	105	-3.1058	4.2474	-1	-12.106	3.2474	0	-7.3438	1	1
2	229.38	0.16086	-7.464	0.16086	-7.464	0	1	105	-3.1058	4.2474	-1	-12.106	3.2474	0	-7.3438	1	1
2	245.97	0.16086	-7.4962	0.16086	-7.4962	0	1	105	-3.1058	4.2474	-1	-12.106	3.2474	0	-7.3438	1	1
2	262.68	0.16086	-7.4962	0.16086	-7.4962	0	1	105	-3.1058	4.2474	-1	-12.106	3.2474	0	-7.3438	1	1
2	279.18	0.14076	-7.4962	0.14076	-7.4962	0	1	105	-3.1058	4.2474	-1	-12.106	3.2474	0	-7.3438	1	1
2	295.78	0.14076	-7.4962	0.14076	-7.4962	0	1	105	-3.1058	4.2474	-1	-12.106	3.2474	0	-7.3438	1	1
2	312.39	0.14076	-7.4962	0.14076	-7.4962	0	1	105	-3.1058	4.2474	-1	-12.106	3.2474	0	-7.3438	1	1
2	328.92	0.14076	-7.4962	0.14076	-7.4962	0	1	105	-3.1058	4.2474	-1	-12.106	3.2474	0	-7.3438	1	1
2	345.58	0.14076	-7.4962	0.14076	-7.4962	0	1	105	-3.1058	4.2474	-1	-12.106	3.2474	0	-7.3438	1	1
2	362.2	0.14076	-7.4962	0.14076	-7.4962	0	1	105	-3.1058	4.2474	-1	-12.106	3.2474	0	-7.3438	1	1
2	378.71	0.14076	-7.5284	0.14076	-7.5284	0	1	105	-3.1058	4.2474	-1	-12.106	3.2474	0	-7.3438	1	1
2	395.33	0.14076	-7.5284	0.14076	-7.5284	0	1	105	-3.1058	4.2474	-1	-12.106	3.2474	0	-7.3438	1	1
2	411.91	0.14076	-7.5284	0.14076	-7.5284	0	1	105	-3.1058	4.2474	-1	-12.106	3.2474	0	-7.3438	1	1
2	428.53	0.14076	-7.5284	0.14076	-7.5284	0	1	105	-3.1058	4.2474	-1	-12.106	3.2474	0	-7.3438	1	1
2	445.15	0.14076	-7.5284	0.14076	-7.5284	0	1	105	-3.1058	4.2474	-1	-12.106	3.2474	0	-7.3438	1	1
2	461.78	0.14076	-7.5284	0.14076	-7.5284	0	1	105	-3.1058	4.2474	-1	-12.106	3.2474	0	-7.3438	1	1
2	478.36	0.14076	-7.5284	0.14076	-7.5284	0	1	105	-3.1058	4.2474	-1	-12.106	3.2474	0	-7.3438	1	1
2	494.95	0.14076	-7.4962	0.14076	-7.4962	0	1	105	-3.1058	4.2474	-1	-12.106	3.2474	0	-7.3438	1	1
2	511.5	0.14076	-7.4962	0.14076	-7.4962	0	1	105	-3.1058	4.2474	-1	-12.106	3.2474	0	-7.3438	1	1
2	528.12	0.14076	-7.4319	0.14076	-7.4319	0	1	105	-3.1058	4.2474	-1	-12.106	3.2474	0	-7.3438	1	1
2	544.69	0.12065	-7.3675	0.12065	-7.3675	0	1	105	-3.1058	4.2474	-1	-12.106	3.2474	0	-7.3438	1	1
2	561.1	0.10054	-6.9815	0.10054	-6.9815	0	1	105	-3.1058	4.2474	-1	-12.106	3.2474	0	-7.3438	1	1
2	577.85	0.080432	-6.3702	0.080432	-6.3702	0	1	105	-3.1058	4.2474	-1	-12.106	3.2474	0	-7.3438	1	1
2	594.14	0.040216	-6.0163	0.040216	-6.0163	0	1	105	-3.1058	4.2474	-1	-12.106	3.2474	0	-7.3438	1	1
2	611.07	-0.060324	-5.2763	-0.060324	-5.2763	0	1	105	-3.1058	4.2474	-1	-12.106	3.2474	0	-7.3438	1	1
2	627.71	-0.24129	-4.5685	-0.24129	-4.5685	0	1	105	-3.1058	4.2474	-1	-12.106	3.2474	0	-7.3438	1	1
2	644.28	-0.34183	-4.1824	-0.34183	-4.1824	0	2	105	-3.1058	4.2474	-1	-12.106	3.2474	0	-7.3438	1	1
2	660.9	-0.58313	-3.4425	-0.58313	-3.4425	0	2	105	-3.1058	4.2474	-1	-12.106	3.2474	0	-7.3438	1	1
2	677.43	-0.80432	-2.6382	-0.80432	-2.6382	0	2	105	-3.1058	4.2474	-1	-12.106	3.2474	0	-7.3438	1	1
2	694.07	-0.90485	-2.2199	-0.90485	-2.2199	0	2	105	-3.1058	4.2474	-1	-12.106	3.2474	0	-7.3438	1	1
2	710.61	-1.0657	-1.3191	-1.0657	-1.3191	0	2	105	-3.1058	4.2474	-1	-12.106	3.2474	0	-7.3438	1	1
2	727.23	-1.2467	-0.48259	-1.2467	-0.48259	0	2	105	-3.1058	4.2474	-1	-12.106	3.2474	0	-7.3438	1	1
2	743.88	-1.3673	-0.096518	-1.3673	-0.096518	0	2	105	-3.1058	4.2474	-1	-12.106	3.2474	0	-7.3438	1	1
2	760.54	-1.6488	0.67563	-1.6488	0.67562	0	2	105	-3.1058	4.2474	-1	-12.106	3.2474	0	-7.3438	1	1
2	777.05	-1.9102	1.4156	-1.9102	1.4156	0	2	105	-3.1058	4.2474	-1	-12.106	3.2474	0	-7.3438	1	1
2	793.61	-2.051	1.7373	-2.051	1.7373	0	2	105	-3.1058	4.2474	-1	-12.106	3.2474	0	-7.3438	1	1
2	810.19	-2.3124	2.4129	-2.3124	2.4129	0	2	105	-3.1058	4.2474	-1	-12.106	3.2474	0	-7.3438	1	1
2	826.78	-2.5939	2.9921	-2.5939	2.9921	0	2	105	-3.1058	4.2474	-1	-12.106	3.2474	0	-7.3438	1	1
2	843.13	-2.7347	3.2494	-2.7347	3.2494	0	2	105	-3.1058	4.2474	-1	-12.106	3.2474	0	-7.3438	1	1
2	859.79	-3.0162	3.7642	-3.0162	3.7642	0	2	105	-3.1058	4.2474	-1	-12.106	3.2474	0	-7.3438	1	1
2	876.4	-3.1368	3.7642	-3.1368	4.0216	0	2	105	-3.1058	4.2474	-1	-12.106	3.2474	0	-7.3438	1	1
2	892.94	-3.358	3.7642	-3.358	4.5042	0	2	105	-3.1058	4.2474	-1	-12.106	3.2474	0	-7.3438	1	1
2	909.56	-3.5792	3.7642	-3.5792	4.9224	0	3	105	-3.1058	4.2474	-1	-12.106	3.2474	0	-7.3438	1	1
2	926.31	-3.8004	3.7642	-3.8004	5.3085	0	4	105	-3.1058	4.2474	-1	-12.106	3.2474	0	-7.3438	1	1
2	942.91	-3.9009	3.7642	-3.9009	5.4693	0	4	105	-3.1058	4.2474	-1	-12.106	3.2474	0	-7.3438	1	1
2	959.38	-4.1221	3.7642	-4.1221	5.7911	0	4	105	-3.1058	4.2474	-1	-12.106	3.2474	0	-7.3438	1	1
2	975.56	-4.2227	3.7642	-4.2227	5.9519	0	4	105	-3.1058	4.2474	-1	-12.106	3.2474	0	-7.3438	1	1
2	992.52	-4.3835	3.7642	-4.3835	6.145	0	4	105	-3.1058	4.2474	-1	-12.106	3.2474	0	-7.3438	1	1
2	1009.1	-4.5243	3.7642	-4.5243	6.2415	0	4	105	-3.1058	4.2474	-1	-12.106	3.2474	0	-7.3438	1	1
2	1025.8	-4.7052	3.7642	-4.7052	6.3058	0	4	105	-3.1058	4.2474	-1	-12.106	3.2474	0	-7.3438	1	1
2	1042.5	-4.8259	3.7642	-4.8259	6.3058	0	4	105	-3.1058	4.2474	-1	-12.106	3.2474	0	-7.3438	1	1
2	1059	-5.1074	3.7642	-5.1074	6.2415	0	4	105	-3.1058	4.2474	-1	-12.106	3.2474	0	-7.3438	1	1
2	1075.7	-5.2683	3.7642	-5.2683	6.1771	0	4	105	-3.1058	4.2474	-1	-12.106	3.2474	0	-7.3438	1	1
2	1092.3	-5.6503	3.7642	-5.6503	6.0485	0	4	105	-3.1058	4.2474	-1	-12.106	3.2474	0	-7.3438	1	1
2	1108.9	-6.153	3.7642	-6.153	5.7911	0	4	105	-3.1058	4.2474	-1	-12.106	3.2474	0	-7.3438	1	1
2	1125.6	-6.7764	3.7642	-6.7764	5.4693	0	4	105	-3.1058	4.2474	-1	-12.106	3.2474	0	-7.3438	1	1
2	1142.1	-7.1182	3.7642	-7.1182	5.2763	0	4	105	-3.1058	4.2474	-1	-12.106	3.2474	0	-7.3438	1	1
2	1158.6	-7.8421	3.7642	-7.8421	4.9224	0	4	105	-3.1058	4.2474	-1	-12.106	3.2474	0	-7.3438	1	1
2	1175.3	-8.2241	3.7642	-8.2241	4.7294	0	4	105	-3.1058	4.2474	-1	-12.106	3.2474	0	-7.3438	1	1
2	1191.9	-9.0083	3.7642	-9.0083	4.3111	0	4	105	-3.1058	4.2474	-1	-12.106	3.2474	0	-7.3438	1	1
2	1208.5	-9.7925	3.7642	-9.7925	3.8607	0	4	105	-3.1058	4.2474	-1	-12.106	3.2474	0	-7.3438	1	1
2	1224.9	-10.516	3.7642	-10.516	3.4103	0	4	105	-3.1058	4.2474	-1	-12.106	3.2474	0	-7.3438	1	1
2	1241.6	-10.858	3.2173	-10.858	3.2173	0	4	105	-3.1058	4.2474	-1	-12.106	3.2474	0	-7.3438	1	1
2	1258	-11.482	2.8634	-11.482	2.8634	0	4	105	-3.1058	4.2474	-1	-12.106	3.2474	0	-7.3438	1	1
2	1274.8	-11.763	2.7347	-11.763	2.7347	0	4	105	-3.1058	4.2474	-1	-12.106	3.2474	0	-7.3438	1	1
2	1291.4	-12.266	2.4773	-12.266	2.4773	0	4	105	-3.1058	4.2474	-1	-12.106	3.2474	0	-7.3438	1	1
2	1308	-12.648	2.2521	-12.648	2.2521	0	5	105	-3.1058	4.2474	-1	-12.106	3.2474	0	-7.3438	1	1
2	1324.6	-12.789	2.1877	-12.789	2.1877	0	5	105	-3.1058	4.2474	-1	-12.106	3.2474	0	-7.3438	1	1
2	1341.1	-13.03	2.0269	-13.03	2.0269	0	5	105	-3.1058	4.2474	-1	-12.106	3.2474	0	-7.3438	1	1
2	1357.8	-13.171	1.9304	-13.171	1.9304	0	5	105	-3.1058	4.2474	-1	-12.106	3.2474	0	-7.3438	1	1
2	1374.4	-13.191	1.866	-13.191	1.866	0	5	105	-3.1058	4.2474	-1	-12.106	3.2474	0	-7.3438	1	1
2	1391	-13.13	1.8017	-13.13	1.8017	0	5	105	-3.1058	4.2474	-1	-12.106	3.2474	0	-7.3438	1	1
2	1407.6	-12.889	1.673	-12.889	1.673	0	5	105	-3.1058	4.2474	-1	-12.106	3.2474	0	-7.3438	1	1
2	1424.2	-12.708	1.6086	-12.708	1.6086	0	5	105	-3.1058	4.2474	-1	-12.106	3.2474	0	-7.3438	1	1
2	1440.8	-12.185	1.4799	-12.185	1.4799	0	5	105	-3.1058	4.2474	-1	-12.106	3.2474	0	-7.3438	1	1
2	1457.4	-11.441	1.3191	-11.441	1.3191	0	5	105	-3.1058	4.2474	-1	-12.106	3.2474	0	-7.3438	1	1
2	1474	-10.999	1.2226	-10.999	1.2226	0	5	105	-3.1058	4.2474	-1	-12.106	3.2474	0	-7.3438	1	1
2	1490.6	-10.074	0.99735	-10.074	0.99735	0	5	105	-3.1058	4.2474	-1	-12.106	3.2474	0	-7.3438	1	1
2	1507.1	-9.5915	0.86866	-9.5915	0.86866	0	5	105	-3.1058	4.2474	-1	-12.106	3.2474	0	-7.3438	1	1
2	1523.7	-8.5459	0.51476	-8.5459	0.51476	0	5	105	-3.1058	4.2474	-1	-12.106	3.2474	0	-7.3438	1	1
2	1540.3	-7.3997	0.064345	-7.3997	0.064345	0	5	105	-3.1058	4.2474	-1	-12.106	3.2474	0	-7.3438	1	1
2	1557	-6.2938	-0.41824	-6.2938	-0.41824	0	5	105	-3.1058	4.2474	-1	-12.106	3.2474	0	-7.3438	1	1
2	1574.1	-5.7911	-0.7078	-5.7911	-0.7078	0	5	105	-3.1058	4.2474	-1	-12.106	3.2474	0	-7.3438	1	1
2	1590.2	-4.8862	-1.3513	-4.8862	-1.3512	0	5	105	-3.1058	4.2474	-1	-12.106	3.2474	0	-7.3438	1	1
2	1606.7	-4.4841	-1.7051	-4.4841	-1.7051	0	5	105	-3.1058	4.2474	-1	-12.106	3.2474	0	-7.3438	1	1
2	1623.3	-3.6999	-2.4451	-3.6999	-2.4451	0	5	105	-3.1058	4.2474	-1	-12.106	3.2474	0	-7.3438	1	1
2	1639.9	-3.0363	-3.2494	-3.0363	-3.2494	0	5	105	-3.1058	4.2474	-1	-12.106	3.2474	0	-7.3438	1	1
2	1656.6	-2.7548	-3.6355	-2.7548	-3.6355	0	5	105	-3.1058	4.2474	-1	-12.106	3.2474	0	-7.3438	1	1
2	1673.1	-2.2923	-4.4398	-2.2923	-4.4398	0	5	105	-3.1058	4.2474	-1	-12.106	3.2474	0	-7.3438	1	1
2	1689.6	-1.9304	-5.212	-1.9304	-5.212	0	5	105	-3.1058	4.2474	-1	-12.106	3.2474	0	-7.3438	1	1
2	1706.2	-1.7695	-5.5659	-1.7695	-5.5659	0	5	105	-3.1058	4.2474	-1	-12.106	3.2474	0	-7.3438	1	1
2	1722.8	-1.5081	-6.2415	-1.5081	-6.2415	0	5	105	-3.1058	4.2474	-1	-12.106	3.2474	0	-7.3438	1	1
2	1739.4	-1.3874	-6.6276	-1.3874	-6.6276	0	5	105	-3.1058	4.2474	-1	-12.106	3.2474	0	-7.3438	1	1
2	1756.2	-1.3673	-6.7241	-1.3673	-6.7241	0	5	105	-3.1058	4.2474	-1	-12.106	3.2474	0	-7.3438	1	1
2	1772.6	-1.3472	-6.7241	-1.3472	-6.7241	0	5	105	-3.1058	4.2474	-1	-12.106	3.2474	0	-7.3438	1	1
2	1789.3	-1.3271	-6.7241	-1.3271	-6.7241	0	5	105	-3.1058	4.2474	-1	-12.106	3.2474	0	-7.3438	1	1
2	1805.9	-1.307	-6.7241	-1.307	-6.7241	0	5	105	-3.1058	4.2474	-1	-12.106	3.2474	0	-7.3438	1	1
2	1822.5	-1.2869	-6.7241	-1.2869	-6.7241	0	5	105	-3.1058	4.2474	-1	-12.106	3.2474	0	-7.3438	1	1
2	1839	-1.307	-6.7562	-1.307	-6.7562	0	5	105	-3.1058	4.2474	-1	-12.106	3.2474	0	-7.3438	1	1
2	1855.6	-1.307	-6.7562	-1.307	-6.7562	0	5	105	-3.1058	4.2474	-1	-12.106	3.2474	0	-7.3438	1	1
2	1872.2	-1.307	-6.7562	-1.307	-6.7562	0	5	105	-3.1058	4.2474	-1	-12.106	3.2474	0	-7.3438	1	1
2	1888.8	-1.307	-6.7562	-1.307	-6.7562	0	5	105	-3.1058	4.2474	-1	-12.106	3.2474	0	-7.3438	1	1
2	1905.5	-1.3271	-6.7562	-1.3271	-6.7562	0	5	105	-3.1058	4.2474	-1	-12.106	3.2474	0	-7.3438	1	1
2	1922.5	-1.307	-6.7562	-1.307	-6.7562	0	5	105	-3.1058	4.2474	-1	-12.106	3.2474	0	-7.3438	1	1
2	1938.6	-1.307	-6.7562	-1.307	-6.7562	0	5	105	-3.1058	4.2474	-1	-12.106	3.2474	0	-7.3438	1	1
2	1955	-1.307	-6.7562	-1.307	-6.7562	0	5	105	-3.1058	4.2474	-1	-12.106	3.2474	0	-7.3438	1	1
2	1971.8	-1.307	-6.7562	-1.307	-6.7562	0	5	105	-3.1058	4.2474	-1	-12.106	3.2474	0	-7.3438	1	1
2	1988.4	-1.307	-6.7562	-1.307	-6.7562	0	5	105	-3.1058	4.2474	-1	-12.106	3.2474	0	-7.3438	1	1
2	2004.9	-1.307	-6.7562	-1.307	-6.7562	0	5	105	-3.1058	4.2474	-1	-12.106	3.2474	0	-7.3438	1	1
2	2021.5	-1.307	-6.7562	-1.307	-6.7562	0	5	105	-3.1058	4.2474	-1	-12.106	3.2474	0	-7.3438	1	1
2	2038.1	-1.307	-6.7562	-1.307	-6.7562	0	5	105	-3.1058	4.2474	-1	-12.106	3.2474	0	-7.3438	1	1
2	2054.7	-1.307	-6.7562	-1.307	-6.7562	0	5	105	-3.1058	4.2474	-1	-12.106	3.2474	0	-7.3438	1	1
2	2071.4	-1.2869	-6.7562	-1.2869	-6.7562	0	5	105	-3.1058	4.2474	-1	-12.106	3.2474	0	-7.3438	1	1
2	2088	-1.2065	-6.7562	-1.2065	-6.7562	0	5	105	-3.1058	4.2474	-1	-12.106	3.2474	0	-7.3438	1	1
2	2104.5	-0.80432	-6.9815	-0.80432	-6.9815	0	5	105	-3.1058	4.2474	-1	-12.106	3.2474	0	-7.3438	1	1
2	2121.1	-0.34183	-7.3675	-0.34183	-7.3675	0	5	105	-3.1058	4.2474	-1	-12.106	3.2474	0	-7.3438	1	1
3	0	-0.34183	-7.3675	-0.34183	-7.3675	0	5	90	7.3479e-16	4.6562	1	9	3.6562	0	-7.3438	1	1
3	30.522	-0.10054	-7.5927	-0.10054	-7.5927	0	1	90	7.3479e-16	4.6562	1	9	3.6562	0	-7.3438	1	1
3	47.015	-0.080432	-7.6249	-0.080432	-7.6249	0	1	90	7.3479e-16	4.6562	1	9	3.6562	0	-7.3438	1	1
3	63.672	-0.080432	-7.6249	-0.080432	-7.6249	0	1	90	7.3479e-16	4.6562	1	9	3.6562	0	-7.3438	1	1
3	80.03	-0.080432	-7.6249	-0.080432	-7.6249	0	1	90	7.3479e-16	4.6562	1	9	3.6562	0	-7.3438	1	1
3	96.883	-0.080432	-7.6571	-0.080432	-7.6571	0	1	90	7.3479e-16	4.6562	1	9	3.6562	0	-7.3438	1	1
3	113.28	-0.080432	-7.6571	-0.080432	-7.6571	0	1	90	7.3479e-16	4.6562	1	9	3.6562	0	-7.3438	1	1
3	130.08	-0.080432	-7.6571	-0.080432	-7.6571	0	1	90	7.3479e-16	4.6562	1	9	3.6562	0	-7.3438	1	1
3	146.64	-0.080432	-7.6571	-0.080432	-7.6571	0	1	90	7.3479e-16	4.6562	1	9	3.6562	0	-7.3438	1	1
3	163.17	-0.080432	-7.6571	-0.080432	-7.6571	0	1	90	7.3479e-16	4.6562	1	9	3.6562	0	-7.3438	1	1
3	179.79	-0.080432	-7.6571	-0.080432	-7.6571	0	1	90	7.3479e-16	4.6562	1	9	3.6562	0	-7.3438	1	1
3	196.38	-0.080432	-7.6571	-0.080432	-7.6571	0	1	90	7.3479e-16	4.6562	1	9	3.6562	0	-7.3438	1	1
3	212.94	-0.080432	-7.6571	-0.080432	-7.6571	0	1	90	7.3479e-16	4.6562	1	9	3.6562	0	-7.3438	1	1
3	229.58	-0.060324	-7.6571	-0.060324	-7.6571	0	1	90	7.3479e-16	4.6562	1	9	3.6562	0	-7.3438	1	1
3	246.19	-0.060324	-7.6571	-0.060324	-7.6571	0	1	90	7.3479e-16	4.6562	1	9	3.6562	0	-7.3438	1	1
3	262.83	-0.060324	-7.6571	-0.060324	-7.6571	0	1	90	7.3479e-16	4.6562	1	9	3.6562	0	-7.3438	1	1
3	279.32	-0.060324	-7.6571	-0.060324	-7.6571	0	1	90	7.3479e-16	4.6562	1	9	3.6562	0	-7.3438	1	1
3	296	-0.060324	-7.6571	-0.060324	-7.6571	0	1	90	7.3479e-16	4.6562	1	9	3.6562	0	-7.3438	1	1
3	312.6	-0.060324	-7.6571	-0.060324	-7.6571	0	1	90	7.3479e-16	4.6562	1	9	3.6562	0	-7.3438	1	1
3	329.17	-0.060324	-7.6571	-0.060324	-7.6571	0	1	90	7.3479e-16	4.6562	1	9	3.6562	0	-7.3438	1	1
3	345.76	-0.060324	-7.6571	-0.060324	-7.6571	0	1	90	7.3479e-16	4.6562	1	9	3.6562	0	-7.3438	1	1
3	362.4	-0.060324	-7.6571	-0.060324	-7.6571	0	1	90	7.3479e-16	4.6562	1	9	3.6562	0	-7.3438	1	1
3	378.91	-0.060324	-7.6571	-0.060324	-7.6571	0	1	90	7.3479e-16	4.6562	1	9	3.6562	0	-7.3438	1	1
3	395.55	-0.060324	-7.6571	-0.060324	-7.6571	0	1	90	7.3479e-16	4.6562	1	9	3.6562	0	-7.3438	1	1
3	412.15	-0.060324	-7.6571	-0.060324	-7.6571	0	1	90	7.3479e-16	4.6562	1	9	3.6562	0	-7.3438	1	1
3	428.5	-0.060324	-7.6571	-0.060324	-7.6571	0	1	90	7.3479e-16	4.6562	1	9	3.6562	0	-7.3438	1	1
3	445.37	-0.060324	-7.6249	-0.060324	-7.6249	0	1	90	7.3479e-16	4.6562	1	9	3.6562	0	-7.3438	1	1
3	461.87	-0.080432	-7.5927	-0.080432	-7.5927	0	1	90	7.3479e-16	4.6562	1	9	3.6562	0	-7.3438	1	1
3	478.52	-0.10054	-7.464	-0.10054	-7.464	0	1	90	7.3479e-16	4.6562	1	9	3.6562	0	-7.3438	1	1
3	495.13	-0.14076	-7.3354	-0.14076	-7.3354	0	1	90	7.3479e-16	4.6562	1	9	3.6562	0	-7.3438	1	1
3	511.7	-0.20108	-6.8849	-0.20108	-6.8849	0	1	90	7.3479e-16	4.6562	1	9	3.6562	0	-7.3438	1	1
3	528.28	-0.24129	-6.2415	-0.24129	-6.2415	0	1	90	7.3479e-16	4.6562	1	9	3.6562	0	-7.3438	1	1
3	544.88	-0.2614	-5.9198	-0.2614	-5.9198	0	1	90	7.3479e-16	4.6562	1	9	3.6562	0	-7.3438	1	1
3	561.53	-0.32173	-5.3085	-0.32173	-5.3085	0	1	90	7.3479e-16	4.6562	1	9	3.6562	0	-7.3438	1	1
3	578.15	-0.40216	-4.6972	-0.40216	-4.6972	0	1	90	7.3479e-16	4.6562	1	9	3.6562	0	-7.3438	1	1
3	594.67	-0.42227	-4.3433	-0.42227	-4.3433	0	2	90	7.3479e-16	4.6562	1	9	3.6562	0	-7.3438	1	1
3	611.31	-0.44237	-3.539	-0.44237	-3.539	0	2	90	7.3479e-16	4.6562	1	9	3.6562	0	-7.3438	1	1
3	627.87	-0.38205	-2.6382	-0.38205	-2.6382	0	2	90	7.3479e-16	4.6562	1	9	3.6562	0	-7.3438	1	1
3	644.55	-0.34183	-2.2199	-0.34183	-2.2199	0	2	90	7.3479e-16	4.6562	1	9	3.6562	0	-7.3438	1	1
3	661.11	-0.30162	-1.4156	-0.30162	-1.4156	0	2	90	7.3479e-16	4.6562	1	9	3.6562	0	-7.3438	1	1
3	677.66	-0.30162	-0.67563	-0.30162	-0.67562	0	2	90	7.3479e-16	4.6562	1	9	3.6562	0	-7.3438	1	1
3	694.32	-0.30162	-0.25738	-0.30162	-0.25738	0	2	90	7.3479e-16	4.6562	1	9	3.6562	0	-7.3438	1	1
3	710.82	-0.30162	0.57911	-0.30162	0.57911	0	2	90	7.3479e-16	4.6562	1	9	3.6562	0	-7.3438	1	1
3	727.44	-0.30162	1.4799	-0.30162	1.4799	0	2	90	7.3479e-16	4.6562	1	9	3.6562	0	-7.3438	1	1
3	744.02	-0.28151	1.8982	-0.28151	1.8982	0	2	90	7.3479e-16	4.6562	1	9	3.6562	0	-7.3438	1	1
3	760.62	-0.30162	2.7025	-0.30162	2.7025	0	2	90	7.3479e-16	4.6562	1	9	3.6562	0	-7.3438	1	1
3	777.68	-0.34183	3.4746	-0.34183	3.4746	0	2	90	7.3479e-16	4.6562	1	9	3.6562	0	-7.3438	1	1
3	793.77	-0.34183	3.8607	-0.34183	3.8607	0	2	90	7.3479e-16	4.6562	1	9	3.6562	0	-7.3438	1	1
3	810.32	-0.34183	4.6007	-0.34183	4.6007	0	2	90	7.3479e-16	4.6562	1	9	3.6562	0	-7.3438	1	1
3	826.93	-0.28151	4.6007	-0.28151	5.2441	0	2	90	7.3479e-16	4.6562	1	9	3.6562	0	-7.3438	1	1
3	843.54	-0.2614	4.6007	-0.2614	5.4693	0	2	90	7.3479e-16	4.6562	1	9	3.6562	0	-7.3438	1	1
3	860.14	-0.24129	4.6007	-0.24129	5.7589	0	3	90	7.3479e-16	4.6562	1	9	3.6562	0	-7.3438	1	1
3	876.77	-0.24129	4.6007	-0.24129	5.8554	0	4	90	7.3479e-16	4.6562	1	9	3.6562	0	-7.3438	1	1
3	893.39	-0.2614	4.6007	-0.2614	5.9519	0	4	90	7.3479e-16	4.6562	1	9	3.6562	0	-7.3438	1	1
3	909.87	-0.2614	4.6007	-0.2614	5.9841	0	4	90	7.3479e-16	4.6562	1	9	3.6562	0	-7.3438	1	1
3	926.53	-0.20108	4.6007	-0.20108	5.9841	0	4	90	7.3479e-16	4.6562	1	9	3.6562	0	-7.3438	1	1
3	943.16	-0.12065	4.6007	-0.12065	5.9519	0	4	90	7.3479e-16	4.6562	1	9	3.6562	0	-7.3438	1	1
3	959.77	0.12065	4.6007	0.12065	5.9198	0	4	90	7.3479e-16	4.6562	1	9	3.6562	0	-7.3438	1	1
3	976.36	0.28151	4.6007	0.28151	5.8876	0	4	90	7.3479e-16	4.6562	1	9	3.6562	0	-7.3438	1	1
3	992.96	0.74399	4.6007	0.74399	5.8876	0	4	90	7.3479e-16	4.6562	1	9	3.6562	0	-7.3438	1	1
3	1009.5	1.3271	4.6007	1.3271	5.9519	0	4	90	7.3479e-16	4.6562	1	9	3.6562	0	-7.3438	1	1
3	1026.1	2.0309	4.6007	2.0309	6.0163	0	4	90	7.3479e-16	4.6562	1	9	3.6562	0	-7.3438	1	1
3	1042.7	2.4129	4.6007	2.4129	6.0163	0	4	90	7.3479e-16	4.6562	1	9	3.6562	0	-7.3438	1	1
3	1059.3	3.2575	4.6007	3.2575	6.0163	0	4	90	7.3479e-16	4.6562	1	9	3.6562	0	-7.3438	1	1
3	1075.9	3.6999	4.6007	3.6999	6.0163	0	4	90	7.3479e-16	4.6562	1	9	3.6562	0	-7.3438	1	1
3	1092.5	4.5444	4.6007	4.5444	6.0163	0	4	90	7.3479e-16	4.6562	1	9	3.6562	0	-7.3438	1	1
3	1109.1	5.409	4.6007	5.409	6.0806	0	4	90	7.3479e-16	4.6562	1	9	3.6562	0	-7.3438	1	1
3	1125.9	6.2938	4.6007	6.2938	6.1771	0	4	90	7.3479e-16	4.6562	1	9	3.6562	0	-7.3438	1	1
3	1142.3	6.7361	4.6007	6.7361	6.2093	0	4	90	7.3479e-16	4.6562	1	9	3.6562	0	-7.3438	1	1
3	1158.9	7.641	4.6007	7.641	6.3058	0	4	90	7.3479e-16	4.6562	1	9	3.6562	0	-7.3438	1	1
3	1175.5	8.0633	6.338	8.0633	6.338	0	4	90	7.3479e-16	4.6562	1	9	3.6562	0	-7.3438	1	1
3	1192	8.9078	6.4024	8.9078	6.4024	0	4	90	7.3479e-16	4.6562	1	9	3.6562	0	-7.3438	1	1
3	1208.6	9.692	6.4345	9.692	6.4345	0	4	90	7.3479e-16	4.6562	1	9	3.6562	0	-7.3438	1	1
3	1225.3	10.335	6.4667	10.335	6.4667	0	4	90	7.3479e-16	4.6562	1	9	3.6562	0	-7.3438	1	1
3	1241.8	10.617	6.4989	10.617	6.4989	0	5	90	7.3479e-16	4.6562	1	9	3.6562	0	-7.3438	1	1
3	1258.4	11.059	6.531	11.059	6.531	0	5	90	7.3479e-16	4.6562	1	9	3.6562	0	-7.3438	1	1
3	1275	11.26	6.531	11.26	6.531	0	5	90	7.3479e-16	4.6562	1	9	3.6562	0	-7.3438	1	1
3	1291.6	11.562	6.531	11.562	6.531	0	5	90	7.3479e-16	4.6562	1	9	3.6562	0	-7.3438	1	1
3	1308.2	11.763	6.4989	11.763	6.4989	0	5	90	7.3479e-16	4.6562	1	9	3.6562	0	-7.3438	1	1
3	1324.8	11.803	6.4667	11.803	6.4667	0	5	90	7.3479e-16	4.6562	1	9	3.6562	0	-7.3438	1	1
3	1341.4	11.763	6.338	11.763	6.338	0	5	90	7.3479e-16	4.6562	1	9	3.6562	0	-7.3438	1	1
3	1358	11.502	6.1771	11.502	6.1771	0	5	90	7.3479e-16	4.6562	1	9	3.6562	0	-7.3438	1	1
3	1374.6	11.281	6.0485	11.281	6.0485	0	5	90	7.3479e-16	4.6562	1	9	3.6562	0	-7.3438	1	1
3	1391.2	10.738	5.7267	10.738	5.7267	0	5	90	7.3479e-16	4.6562	1	9	3.6562	0	-7.3438	1	1
3	1407.8	10.094	5.3728	10.094	5.3728	0	5	90	7.3479e-16	4.6562	1	9	3.6562	0	-7.3438	1	1
3	1424.4	9.7322	5.1476	9.7322	5.1476	0	5	90	7.3479e-16	4.6562	1	9	3.6562	0	-7.3438	1	1
3	1441	8.948	4.6329	8.948	4.6329	0	5	90	7.3479e-16	4.6562	1	9	3.6562	0	-7.3438	1	1
3	1457.6	8.0432	3.9572	8.0432	3.9572	0	5	90	7.3479e-16	4.6562	1	9	3.6562	0	-7.3438	1	1
3	1474.6	7.5606	3.5712	7.5606	3.5712	0	5	90	7.3479e-16	4.6562	1	9	3.6562	0	-7.3438	1	1
3	1490.7	6.5753	2.7347	6.5753	2.7347	0	5	90	7.3479e-16	4.6562	1	9	3.6562	0	-7.3438	1	1
3	1507.3	5.6101	1.8338	5.6101	1.8338	0	5	90	7.3479e-16	4.6562	1	9	3.6562	0	-7.3438	1	1
3	1524	5.1476	1.3834	5.1476	1.3834	0	5	90	7.3479e-16	4.6562	1	9	3.6562	0	-7.3438	1	1
3	1540.5	4.3232	0.48259	4.3232	0.48259	0	5	90	7.3479e-16	4.6562	1	9	3.6562	0	-7.3438	1	1
3	1557.2	3.921	0.032173	3.921	0.032173	0	5	90	7.3479e-16	4.6562	1	9	3.6562	0	-7.3438	1	1
3	1573.7	3.1972	-0.93301	3.1972	-0.93301	0	5	90	7.3479e-16	4.6562	1	9	3.6562	0	-7.3438	1	1
3	1590.3	2.4934	-1.9304	2.4934	-1.9304	0	5	90	7.3479e-16	4.6562	1	9	3.6562	0	-7.3438	1	1
3	1606.9	1.8298	-2.8634	1.8298	-2.8634	0	5	90	7.3479e-16	4.6562	1	9	3.6562	0	-7.3438	1	1
3	1623.5	1.5483	-3.2816	1.5483	-3.2816	0	5	90	7.3479e-16	4.6562	1	9	3.6562	0	-7.3438	1	1
3	1640.1	1.0858	-4.0216	1.0858	-4.0216	0	5	90	7.3479e-16	4.6562	1	9	3.6562	0	-7.3438	1	1
3	1656.7	0.92496	-4.3433	0.92496	-4.3433	0	5	90	7.3479e-16	4.6562	1	9	3.6562	0	-7.3438	1	1
3	1673.3	0.62334	-4.9546	0.62334	-4.9546	0	5	90	7.3479e-16	4.6562	1	9	3.6562	0	-7.3438	1	1
3	1689.9	0.36194	-5.598	0.36194	-5.598	0	5	90	7.3479e-16	4.6562	1	9	3.6562	0	-7.3438	1	1
3	1706.5	0.24129	-5.9519	0.24129	-5.9519	0	5	90	7.3479e-16	4.6562	1	9	3.6562	0	-7.3438	1	1
3	1723	-0.040216	-6.6597	-0.040216	-6.6597	0	5	90	7.3479e-16	4.6562	1	9	3.6562	0	-7.3438	1	1
4	0	-0.040216	-6.6597	-0.040216	-6.6597	0	5	75	3.1058	4.2474	-1	-5.8942	3.2474	0	-7.3438	1	1
4	30.87	-0.32173	-7.464	-0.32173	-7.464	0	1	75	3.1058	4.2474	-1	-5.8942	3.2474	0	-7.3438	1	1
4	47.601	-0.32173	-7.6249	-0.32173	-7.6249	0	1	75	3.1058	4.2474	-1	-5.8942	3.2474	0	-7.3438	1	1
4	63.951	-0.30162	-7.6571	-0.30162	-7.6571	0	1	75	3.1058	4.2474	-1	-5.8942	3.2474	0	-7.3438	1	1
4	80.903	-0.28151	-7.6571	-0.28151	-7.6571	0	1	75	3.1058	4.2474	-1	-5.8942	3.2474	0	-7.3438	1	1
4	97.373	-0.28151	-7.6893	-0.28151	-7.6893	0	1	75	3.1058	4.2474	-1	-5.8942	3.2474	0	-7.3438	1	1
4	114.03	-0.28151	-7.6893	-0.28151	-7.6893	0	1	75	3.1058	4.2474	-1	-5.8942	3.2474	0	-7.3438	1	1
4	130.61	-0.28151	-7.6893	-0.28151	-7.6893	0	1	75	3.1058	4.2474	-1	-5.8942	3.2474	0	-7.3438	1	1
4	147.28	-0.28151	-7.6893	-0.28151	-7.6893	0	1	75	3.1058	4.2474	-1	-5.8942	3.2474	0	-7.3438	1	1
4	163.85	-0.28151	-7.6893	-0.28151	-7.6893	0	1	75	3.1058	4.2474	-1	-5.8942	3.2474	0	-7.3438	1	1
4	180.44	-0.28151	-7.6893	-0.28151	-7.6893	0	1	75	3.1058	4.2474	-1	-5.8942	3.2474	0	-7.3438	1	1
4	196.98	-0.28151	-7.6893	-0.28151	-7.6893	0	1	75	3.1058	4.2474	-1	-5.8942	3.2474	0	-7.3438	1	1
4	213.62	-0.28151	-7.6893	-0.28151	-7.6893	0	1	75	3.1058	4.2474	-1	-5.8942	3.2474	0	-7.3438	1	1
4	230.22	-0.28151	-7.6893	-0.28151	-7.6893	0	1	75	3.1058	4.2474	-1	-5.8942	3.2474	0	-7.3438	1	1
4	246.75	-0.2614	-7.6893	-0.2614	-7.6893	0	1	75	3.1058	4.2474	-1	-5.8942	3.2474	0	-7.3438	1	1
4	263.36	-0.2614	-7.6893	-0.2614	-7.6893	0	1	75	3.1058	4.2474	-1	-5.8942	3.2474	0	-7.3438	1	1
4	279.97	-0.2614	-7.6571	-0.2614	-7.6571	0	1	75	3.1058	4.2474	-1	-5.8942	3.2474	0	-7.3438	1	1
4	296.61	-0.2614	-7.6571	-0.2614	-7.6571	0	1	75	3.1058	4.2474	-1	-5.8942	3.2474	0	-7.3438	1	1
4	313.14	-0.2614	-7.6571	-0.2614	-7.6571	0	1	75	3.1058	4.2474	-1	-5.8942	3.2474	0	-7.3438	1	1
4	329.67	-0.2614	-7.6249	-0.2614	-7.6249	0	1	75	3.1058	4.2474	-1	-5.8942	3.2474	0	-7.3438	1	1
4	346.31	-0.24129	-7.6249	-0.24129	-7.6249	0	1	75	3.1058	4.2474	-1	-5.8942	3.2474	0	-7.3438	1	1
4	362.95	-0.24129	-7.6249	-0.24129	-7.6249	0	1	75	3.1058	4.2474	-1	-5.8942	3.2474	0	-7.3438	1	1
4	379.97	-0.24129	-7.6249	-0.24129	-7.6249	0	1	75	3.1058	4.2474	-1	-5.8942	3.2474	0	-7.3438	1	1
4	396.06	-0.24129	-7.6249	-0.24129	-7.6249	0	1	75	3.1058	4.2474	-1	-5.8942	3.2474	0	-7.3438	1	1
4	412.71	-0.24129	-7.6249	-0.24129	-7.6249	0	1	75	3.1058	4.2474	-1	-5.8942	3.2474	0	-7.3438	1	1
4	429.37	-0.24129	-7.6249	-0.24129	-7.6249	0	1	75	3.1058	4.2474	-1	-5.8942	3.2474	0	-7.3438	1	1
4	445.87	-0.22119	-7.6249	-0.22119	-7.6249	0	1	75	3.1058	4.2474	-1	-5.8942	3.2474	0	-7.3438	1	1
4	462.45	-0.22119	-7.6249	-0.22119	-7.6249	0	1	75	3.1058	4.2474	-1	-5.8942	3.2474	0	-7.3438	1	1
4	479.11	-0.22119	-7.6249	-0.22119	-7.6249	0	1	75	3.1058	4.2474	-1	-5.8942	3.2474	0	-7.3438	1	1
4	495.69	-0.22119	-7.6249	-0.22119	-7.6249	0	1	75	3.1058	4.2474	-1	-5.8942	3.2474	0	-7.3438	1	1
4	512.3	-0.22119	-7.6249	-0.22119	-7.6249	0	1	75	3.1058	4.2474	-1	-5.8942	3.2474	0	-7.3438	1	1
4	528.92	-0.22119	-7.6249	-0.22119	-7.6249	0	1	75	3.1058	4.2474	-1	-5.8942	3.2474	0	-7.3438	1	1
4	545.51	-0.22119	-7.6249	-0.22119	-7.6249	0	1	75	3.1058	4.2474	-1	-5.8942	3.2474	0	-7.3438	1	1
4	562.16	-0.22119	-7.6249	-0.22119	-7.6249	0	1	75	3.1058	4.2474	-1	-5.8942	3.2474	0	-7.3438	1	1
4	578.71	-0.22119	-7.6249	-0.22119	-7.6249	0	1	75	3.1058	4.2474	-1	-5.8942	3.2474	0	-7.3438	1	1
4	595.39	-0.22119	-7.6249	-0.22119	-7.6249	0	1	75	3.1058	4.2474	-1	-5.8942	3.2474	0	-7.3438	1	1
4	611.87	-0.22119	-7.5927	-0.22119	-7.5927	0	1	75	3.1058	4.2474	-1	-5.8942	3.2474	0	-7.3438	1	1
4	628.49	-0.22119	-7.5927	-0.22119	-7.5927	0	1	75	3.1058	4.2474	-1	-5.8942	3.2474	0	-7.3438	1	1
4	645.07	-0.20108	-7.5927	-0.20108	-7.5927	0	1	75	3.1058	4.2474	-1	-5.8942	3.2474	0	-7.3438	1	1
4	661.62	-0.18097	-7.5606	-0.18097	-7.5606	0	1	75	3.1058	4.2474	-1	-5.8942	3.2474	0	-7.3438	1	1
4	678.21	-0.12065	-7.3675	-0.12065	-7.3675	0	1	75	3.1058	4.2474	-1	-5.8942	3.2474	0	-7.3438	1	1
4	694.8	-0.040216	-6.9493	-0.040216	-6.9493	0	1	75	3.1058	4.2474	-1	-5.8942	3.2474	0	-7.3438	1	1
4	711.43	0	-6.6597	0	-6.6597	0	1	75	3.1058	4.2474	-1	-5.8942	3.2474	0	-7.3438	1	1
4	727.97	0.060324	-6.0485	0.060324	-6.0485	0	1	75	3.1058	4.2474	-1	-5.8942	3.2474	0	-7.3438	1	1
4	744.61	0.10054	-5.3407	0.10054	-5.3407	0	1	75	3.1058	4.2474	-1	-5.8942	3.2474	0	-7.3438	1	1
4	761.03	0.14076	-4.9868	0.14076	-4.9868	0	1	75	3.1058	4.2474	-1	-5.8942	3.2474	0	-7.3438	1	1
4	777.74	0.34183	-4.1503	0.34183	-4.1503	0	2	75	3.1058	4.2474	-1	-5.8942	3.2474	0	-7.3438	1	1
4	794.2	0.68367	-3.2494	0.68367	-3.2494	0	2	75	3.1058	4.2474	-1	-5.8942	3.2474	0	-7.3438	1	1
4	810.93	0.86464	-2.8312	0.86464	-2.8312	0	2	75	3.1058	4.2474	-1	-5.8942	3.2474	0	-7.3438	1	1
4	827.64	1.2467	-2.0269	1.2467	-2.0269	0	2	75	3.1058	4.2474	-1	-5.8942	3.2474	0	-7.3438	1	1
4	844.14	1.5885	-1.2547	1.5885	-1.2547	0	2	75	3.1058	4.2474	-1	-5.8942	3.2474	0	-7.3438	1	1
4	860.77	1.7695	-0.83649	1.7695	-0.83649	0	2	75	3.1058	4.2474	-1	-5.8942	3.2474	0	-7.3438	1	1
4	877.42	2.1314	0	2.1314	0	0	2	75	3.1058	4.2474	-1	-5.8942	3.2474	0	-7.3438	1	1
4	893.94	2.4934	0.83649	2.4934	0.83649	0	2	75	3.1058	4.2474	-1	-5.8942	3.2474	0	-7.3438	1	1
4	910.53	2.6542	1.2226	2.6542	1.2226	0	2	75	3.1058	4.2474	-1	-5.8942	3.2474	0	-7.3438	1	1
4	927.15	2.976	1.9304	2.976	1.9304	0	2	75	3.1058	4.2474	-1	-5.8942	3.2474	0	-7.3438	1	1
4	943.67	3.1167	2.2521	3.1167	2.2521	0	2	75	3.1058	4.2474	-1	-5.8942	3.2474	0	-7.3438	1	1
4	960.35	3.4384	2.9599	3.4384	2.9599	0	2	75	3.1058	4.2474	-1	-5.8942	3.2474	0	-7.3438	1	1
4	976.98	3.7401	3.6999	3.7401	3.6999	0	2	75	3.1058	4.2474	-1	-5.8942	3.2474	0	-7.3438	1	1
4	993.48	3.8808	4.0538	3.8808	4.0537	0	2	75	3.1058	4.2474	-1	-5.8942	3.2474	0	-7.3438	1	1
4	1010	4.1221	4.6972	4.1221	4.6972	0	2	75	3.1058	4.2474	-1	-5.8942	3.2474	0	-7.3438	1	1
4	1026.7	4.3031	5.212	4.3031	5.212	0	2	75	3.1058	4.2474	-1	-5.8942	3.2474	0	-7.3438	1	1
4	1043.3	4.3835	5.4372	4.3835	5.4372	0	2	75	3.1058	4.2474	-1	-5.8942	3.2474	0	-7.3438	1	1
4	1059.9	4.464	5.8232	4.464	5.8232	0	2	75	3.1058	4.2474	-1	-5.8942	3.2474	0	-7.3438	1	1
4	1077	4.5042	6.1128	4.5042	6.1128	0	2	75	3.1058	4.2474	-1	-5.8942	3.2474	0	-7.3438	1	1
4	1093.1	4.5243	6.2415	4.5243	6.2415	0	2	75	3.1058	4.2474	-1	-5.8942	3.2474	0	-7.3438	1	1
4	1109.6	4.5243	6.4989	4.5243	6.4989	0	2	75	3.1058	4.2474	-1	-5.8942	3.2474	0	-7.3438	1	1
4	1126.2	4.5042	6.6276	4.5042	6.6276	0	2	75	3.1058	4.2474	-1	-5.8942	3.2474	0	-7.3438	1	1
4	1142.8	4.4841	6.6276	4.4841	6.6276	0	2	75	3.1058	4.2474	-1	-5.8942	3.2474	0	-7.3438	1	1
4	1159.5	4.3433	6.5954	4.3433	6.5954	0	2	75	3.1058	4.2474	-1	-5.8942	3.2474	0	-7.3438	1	1
4	1176	4.0216	6.4024	4.0216	6.4024	0	2	75	3.1058	4.2474	-1	-5.8942	3.2474	0	-7.3438	1	1
4	1192.7	3.7803	6.2415	3.7803	6.2415	0	2	75	3.1058	4.2474	-1	-5.8942	3.2474	0	-7.3438	1	1
4	1209.3	3.2173	5.8554	3.2173	5.8554	0	2	75	3.1058	4.2474	-1	-5.8942	3.2474	0	-7.3438	1	1
4	1225.9	2.5939	5.4693	2.5939	5.4693	0	2	75	3.1058	4.2474	-1	-5.8942	3.2474	0	-7.3438	1	1
4	1242.4	2.232	5.2441	2.232	5.2441	0	2	75	3.1058	4.2474	-1	-5.8942	3.2474	0	-7.3438	1	1
4	1259	1.4679	4.7615	1.4679	4.7615	0	2	75	3.1058	4.2474	-1	-5.8942	3.2474	0	-7.3438	1	1
4	1275.6	1.0657	4.5042	1.0657	4.5042	0	2	75	3.1058	4.2474	-1	-5.8942	3.2474	0	-7.3438	1	1
4	1292.2	0.2614	4.0538	0.2614	4.0537	0	2	75	3.1058	4.2474	-1	-5.8942	3.2474	0	-7.3438	1	1
4	1308.7	-0.42227	3.6033	-0.42227	3.6033	0	2	75	3.1058	4.2474	-1	-5.8942	3.2474	0	-7.3438	1	1
4	1325.4	-0.98529	3.2173	-0.98529	3.2173	0	2	75	3.1058	4.2474	-1	-5.8942	3.2474	0	-7.3438	1	1
4	1342	-1.1864	3.0886	-1.1864	3.0886	0	2	75	3.1058	4.2474	-1	-5.8942	3.2474	0	-7.3438	1	1
4	1358.4	-1.4478	2.9277	-1.4478	2.9277	0	2	75	3.1058	4.2474	-1	-5.8942	3.2474	0	-7.3438	1	1
4	1375.2	-1.488	2.8955	-1.488	2.8955	0	2	75	3.1058	4.2474	-1	-5.8942	3.2474	0	-7.3438	1	1
4	1391.4	-1.488	2.8634	-1.488	2.8634	0	2	75	3.1058	4.2474	-1	-5.8942	3.2474	0	-7.3438	1	1
4	1408.3	-1.4679	2.8634	-1.4679	2.8634	0	2	75	3.1058	4.2474	-1	-5.8942	3.2474	0	-7.3438	1	1
4	1424.9	-1.3874	2.8312	-1.3874	2.8312	0	2	75	3.1058	4.2474	-1	-5.8942	3.2474	0	-7.3438	1	1
4	1441.5	-1.307	2.8312	-1.307	2.8312	0	2	75	3.1058	4.2474	-1	-5.8942	3.2474	0	-7.3438	1	1
4	1458.1	-1.0456	2.8634	-1.0456	2.8634	0	2	75	3.1058	4.2474	-1	-5.8942	3.2474	0	-7.3438	1	1
4	1474.7	-0.86464	2.8955	-0.86464	2.8955	0	2	75	3.1058	4.2474	-1	-5.8942	3.2474	0	-7.3438	1	1
4	1491.3	-0.44237	2.9277	-0.44237	2.9277	0	2	75	3.1058	4.2474	-1	-5.8942	3.2474	0	-7.3438	1	1
4	1507.9	-0.020108	2.9599	-0.020108	2.9599	0	2	75	3.1058	4.2474	-1	-5.8942	3.2474	0	-7.3438	1	1
4	1524.6	0.42227	2.9921	0.42227	2.9921	0	2	75	3.1058	4.2474	-1	-5.8942	3.2474	0	-7.3438	1	1
4	1541.2	0.64345	3.0242	0.64345	3.0242	0	2	75	3.1058	4.2474	-1	-5.8942	3.2474	0	-7.3438	1	1
4	1557.7	1.1059	3.0886	1.1059	3.0886	0	2	75	3.1058	4.2474	-1	-5.8942	3.2474	0	-7.3438	1	1
4	1574.3	1.307	3.1529	1.307	3.1529	0	2	75	3.1058	4.2474	-1	-5.8942	3.2474	0	-7.3438	1	1
4	1590.9	1.6891	3.2816	1.6891	3.2816	0	2	75	3.1058	4.2474	-1	-5.8942	3.2474	0	-7.3438	1	1
4	1607.5	2.0108	3.3781	2.0108	3.3781	0	2	75	3.1058	4.2474	-1	-5.8942	3.2474	0	-7.3438	1	1
4	1624	2.3325	3.539	2.3325	3.539	0	2	75	3.1058	4.2474	-1	-5.8942	3.2474	0	-7.3438	1	1
4	1640.7	2.4934	3.6355	2.4934	3.6355	0	2	75	3.1058	4.2474	-1	-5.8942	3.2474	0	-7.3438	1	1
4	1657.3	2.7749	3.7964	2.7749	3.7964	0	2	75	3.1058	4.2474	-1	-5.8942	3.2474	0	-7.3438	1	1
4	1673.8	2.8754	3.7964	2.8754	3.8607	0	2	75	3.1058	4.2474	-1	-5.8942	3.2474	0	-7.3438	1	1
4	1690.4	3.0765	3.7964	3.0765	3.9894	0	2	75	3.1058	4.2474	-1	-5.8942	3.2474	0	-7.3438	1	1
4	1707.1	3.2977	3.7964	3.2977	4.1181	0	3	75	3.1058	4.2474	-1	-5.8942	3.2474	0	-7.3438	1	1
4	1723.7	3.4183	3.7964	3.4183	4.1824	0	4	75	3.1058	4.2474	-1	-5.8942	3.2474	0	-7.3438	1	1
4	1740.1	3.6395	3.7964	3.6395	4.3111	0	4	75	3.1058	4.2474	-1	-5.8942	3.2474	0	-7.3438	1	1
4	1756.9	3.7401	3.7964	3.7401	4.4076	0	4	75	3.1058	4.2474	-1	-5.8942	3.2474	0	-7.3438	1	1
4	1773.2	3.7602	3.7964	3.7602	4.4076	0	4	75	3.1058	4.2474	-1	-5.8942	3.2474	0	-7.3438	1	1
4	1790	3.72	3.7964	3.72	4.4076	0	4	75	3.1058	4.2474	-1	-5.8942	3.2474	0	-7.3438	1	1
4	1806.5	3.5792	3.7964	3.5792	4.3755	0	4	75	3.1058	4.2474	-1	-5.8942	3.2474	0	-7.3438	1	1
4	1823.2	3.4586	3.7964	3.4586	4.3755	0	4	75	3.1058	4.2474	-1	-5.8942	3.2474	0	-7.3438	1	1
4	1839.8	3.177	3.7964	3.177	4.3111	0	4	75	3.1058	4.2474	-1	-5.8942	3.2474	0	-7.3438	1	1
4	1856.4	2.8151	3.7964	2.8151	4.1824	0	4	75	3.1058	4.2474	-1	-5.8942	3.2474	0	-7.3438	1	1
4	1872.9	2.5939	3.7964	2.5939	4.1181	0	4	75	3.1058	4.2474	-1	-5.8942	3.2474	0	-7.3438	1	1
4	1889.6	2.0912	3.7964	2.0912	3.9572	0	4	75	3.1058	4.2474	-1	-5.8942	3.2474	0	-7.3438	1	1
4	1906.3	1.4679	3.7964	1.4679	3.8285	0	4	75	3.1058	4.2474	-1	-5.8942	3.2474	0	-7.3438	1	1
4	1922.8	1.126	3.7964	1.126	3.732	0	4	75	3.1058	4.2474	-1	-5.8942	3.2474	0	-7.3438	1	1
4	1939.4	0.42227	3.7964	0.42227	3.6355	0	4	75	3.1058	4.2474	-1	-5.8942	3.2474	0	-7.3438	1	1
4	1955.9	0.080432	3.7964	0.080432	3.5712	0	4	75	3.1058	4.2474	-1	-5.8942	3.2474	0	-7.3438	1	1
4	1972.6	-0.68367	3.7964	-0.68367	3.4746	0	4	75	3.1058	4.2474	-1	-5.8942	3.2474	0	-7.3438	1	1
4	1989.2	-1.4679	3.7964	-1.4679	3.346	0	4	75	3.1058	4.2474	-1	-5.8942	3.2474	0	-7.3438	1	1
4	2005.7	-2.3124	3.7964	-2.3124	3.2494	0	4	75	3.1058	4.2474	-1	-5.8942	3.2474	0	-7.3438	1	1
4	2022.3	-2.7347	3.7964	-2.7347	3.2173	0	4	75	3.1058	4.2474	-1	-5.8942	3.2474	0	-7.3438	1	1
4	2038.9	-3.5189	3.7964	-3.5189	3.1529	0	4	75	3.1058	4.2474	-1	-5.8942	3.2474	0	-7.3438	1	1
4	2055.6	-3.8808	3.7964	-3.8808	3.1207	0	4	75	3.1058	4.2474	-1	-5.8942	3.2474	0	-7.3438	1	1
4	2072	-4.5042	3.7964	-4.5042	3.0242	0	4	75	3.1058	4.2474	-1	-5.8942	3.2474	0	-7.3438	1	1
4	2088.6	-5.0471	2.9277	-5.0471	2.9277	0	4	75	3.1058	4.2474	-1	-5.8942	3.2474	0	-7.3438	1	1
4	2105.3	-5.5297	2.8312	-5.5297	2.8312	0	4	75	3.1058	4.2474	-1	-5.8942	3.2474	0	-7.3438	1	1
4	2121.6	-5.7509	2.7347	-5.7509	2.7347	0	4	75	3.1058	4.2474	-1	-5.8942	3.2474	0	-7.3438	1	1
4	2138.5	-6.0726	2.606	-6.0726	2.606	0	4	75	3.1058	4.2474	-1	-5.8942	3.2474	0	-7.3438	1	1
4	2154.9	-6.1932	2.5095	-6.1932	2.5095	0	5	75	3.1058	4.2474	-1	-5.8942	3.2474	0	-7.3438	1	1
4	2171.7	-6.3742	2.3164	-6.3742	2.3164	0	5	75	3.1058	4.2474	-1	-5.8942	3.2474	0	-7.3438	1	1
4	2188.3	-6.4948	2.059	-6.4948	2.059	0	5	75	3.1058	4.2474	-1	-5.8942	3.2474	0	-7.3438	1	1
4	2205	-6.5351	1.9304	-6.5351	1.9304	0	5	75	3.1058	4.2474	-1	-5.8942	3.2474	0	-7.3438	1	1
4	2221.5	-6.5552	1.6408	-6.5552	1.6408	0	5	75	3.1058	4.2474	-1	-5.8942	3.2474	0	-7.3438	1	1
4	2237.9	-6.4345	1.3834	-6.4345	1.3834	0	5	75	3.1058	4.2474	-1	-5.8942	3.2474	0	-7.3438	1	1
4	2254.7	-6.2938	1.2547	-6.2938	1.2547	0	5	75	3.1058	4.2474	-1	-5.8942	3.2474	0	-7.3438	1	1
4	2271.3	-5.8916	1.0617	-5.8916	1.0617	0	5	75	3.1058	4.2474	-1	-5.8942	3.2474	0	-7.3438	1	1
4	2287.9	-5.3286	0.86866	-5.3286	0.86866	0	5	75	3.1058	4.2474	-1	-5.8942	3.2474	0	-7.3438	1	1
4	2304.4	-4.9868	0.77214	-4.9868	0.77214	0	5	75	3.1058	4.2474	-1	-5.8942	3.2474	0	-7.3438	1	1
4	2321.1	-4.2629	0.51476	-4.2629	0.51476	0	5	75	3.1058	4.2474	-1	-5.8942	3.2474	0	-7.3438	1	1
4	2337.6	-3.5189	0.16086	-3.5189	0.16086	0	5	75	3.1058	4.2474	-1	-5.8942	3.2474	0	-7.3438	1	1
4	2354.2	-3.1569	-0.064345	-3.1569	-0.064345	0	5	75	3.1058	4.2474	-1	-5.8942	3.2474	0	-7.3438	1	1
4	2370.8	-2.4532	-0.61128	-2.4532	-0.61128	0	5	75	3.1058	4.2474	-1	-5.8942	3.2474	0	-7.3438	1	1
4	2387.4	-2.1113	-0.93301	-2.1113	-0.93301	0	5	75	3.1058	4.2474	-1	-5.8942	3.2474	0	-7.3438	1	1
4	2404	-1.4478	-1.6408	-1.4478	-1.6408	0	5	75	3.1058	4.2474	-1	-5.8942	3.2474	0	-7.3438	1	1
4	2420.5	-0.86464	-2.4129	-0.86464	-2.4129	0	5	75	3.1058	4.2474	-1	-5.8942	3.2474	0	-7.3438	1	1
4	2437	-0.38205	-3.2494	-0.38205	-3.2494	0	5	75	3.1058	4.2474	-1	-5.8942	3.2474	0	-7.3438	1	1
4	2453.9	-0.16086	-3.6999	-0.16086	-3.6999	0	5	75	3.1058	4.2474	-1	-5.8942	3.2474	0	-7.3438	1	1
4	2470.1	0.28151	-4.6007	0.28151	-4.6007	0	5	75	3.1058	4.2474	-1	-5.8942	3.2474	0	-7.3438	1	1
4	2487	0.5027	-5.0511	0.5027	-5.0511	0	5	75	3.1058	4.2474	-1	-5.8942	3.2474	0	-7.3438	1	1
4	2503.5	0.82442	-5.9519	0.82442	-5.9519	0	5	75	3.1058	4.2474	-1	-5.8942	3.2474	0	-7.3438	1	1
4	2520.3	1.0255	-6.7241	1.0255	-6.7241	0	5	75	3.1058	4.2474	-1	-5.8942	3.2474	0	-7.3438	1	1
4	2536.9	1.0255	-7.1101	1.0255	-7.1101	0	5	75	3.1058	4.2474	-1	-5.8942	3.2474	0	-7.3438	1	1
4	2553.3	1.0054	-7.1745	1.0054	-7.1745	0	5	75	3.1058	4.2474	-1	-5.8942	3.2474	0	-7.3438	1	1
4	2569.9	0.94507	-7.271	0.94507	-7.271	0	5	75	3.1058	4.2474	-1	-5.8942	3.2474	0	-7.3438	1	1
4	2586.5	0.90485	-7.3675	0.90485	-7.3675	0	5	75	3.1058	4.2474	-1	-5.8942	3.2474	0	-7.3438	1	1
4	2603.1	0.86464	-7.464	0.86464	-7.464	0	5	75	3.1058	4.2474	-1	-5.8942	3.2474	0	-7.3438	1	1
4	2619.7	0.86464	-7.464	0.86464	-7.464	0	5	75	3.1058	4.2474	-1	-5.8942	3.2474	0	-7.3438	1	1
4	2636.3	0.84453	-7.464	0.84453	-7.464	0	5	75	3.1058	4.2474	-1	-5.8942	3.2474	0	-7.3438	1	1
4	2652.9	0.84453	-7.464	0.84453	-7.464	0	5	75	3.1058	4.2474	-1	-5.8942	3.2474	0	-7.3438	1	1
4	2669.5	0.84453	-7.464	0.84453	-7.464	0	5	75	3.1058	4.2474	-1	-5.8942	3.2474	0	-7.3438	1	1
4	2686.1	0.82442	-7.464	0.82442	-7.464	0	5	75	3.1058	4.2474	-1	-5.8942	3.2474	0	-7.3438	1	1
4	2702.7	0.80432	-7.464	0.80432	-7.464	0	5	75	3.1058	4.2474	-1	-5.8942	3.2474	0	-7.3438	1	1
4	2719.3	0.78421	-7.464	0.78421	-7.464	0	5	75	3.1058	4.2474	-1	-5.8942	3.2474	0	-7.3438	1	1
4	2735.9	0.7641	-7.4962	0.7641	-7.4962	0	5	75	3.1058	4.2474	-1	-5.8942	3.2474	0	-7.3438	1	1
4	2752.9	0.7641	-7.4962	0.7641	-7.4962	0	5	75	3.1058	4.2474	-1	-5.8942	3.2474	0	-7.3438	1	1
4	2769	0.74399	-7.4962	0.74399	-7.4962	0	5	75	3.1058	4.2474	-1	-5.8942	3.2474	0	-7.3438	1	1
4	2785.6	0.74399	-7.4962	0.74399	-7.4962	0	5	75	3.1058	4.2474	-1	-5.8942	3.2474	0	-7.3438	1	1
4	2802.2	0.74399	-7.4962	0.74399	-7.4962	0	5	75	3.1058	4.2474	-1	-5.8942	3.2474	0	-7.3438	1	1
4	2818.8	0.74399	-7.4962	0.74399	-7.4962	0	5	75	3.1058	4.2474	-1	-5.8942	3.2474	0	-7.3438	1	1
4	2835.4	0.72388	-7.4962	0.72388	-7.4962	0	5	75	3.1058	4.2474	-1	-5.8942	3.2474	0	-7.3438	1	1
4	2852.1	0.72388	-7.4962	0.72388	-7.4962	0	5	75	3.1058	4.2474	-1	-5.8942	3.2474	0	-7.3438	1	1
4	2868.6	0.70378	-7.4962	0.70378	-7.4962	0	5	75	3.1058	4.2474	-1	-5.8942	3.2474	0	-7.3438	1	1
5	0	0.70378	-7.4962	0.70378	-7.4962	0	5	105	-3.1058	4.2474	1	5.8942	3.2474	0	-7.3438	1	1
5	29.659	0.68367	-7.4962	0.68367	-7.4962	0	1	105	-3.1058	4.2474	1	5.8942	3.2474	0	-7.3438	1	1
5	46.578	0.64345	-7.4962	0.64345	-7.4962	0	1	105	-3.1058	4.2474	1	5.8942	3.2474	0	-7.3438	1	1
5	63.132	0.60324	-7.5284	0.60324	-7.5284	0	1	105	-3.1058	4.2474	1	5.8942	3.2474	0	-7.3438	1	1
5	79.765	0.40216	-7.5606	0.40216	-7.5606	0	1	105	-3.1058	4.2474	1	5.8942	3.2474	0	-7.3438	1	1
5	96.313	0.22119	-7.5927	0.22119	-7.5927	0	1	105	-3.1058	4.2474	1	5.8942	3.2474	0	-7.3438	1	1
5	112.95	0.16086	-7.5606	0.16086	-7.5606	0	1	105	-3.1058	4.2474	1	5.8942	3.2474	0	-7.3438	1	1
5	129.63	-0.020108	-7.5606	-0.020108	-7.5606	0	1	105	-3.1058	4.2474	1	5.8942	3.2474	0	-7.3438	1	1
5	146.14	-0.20108	-7.5606	-0.20108	-7.5606	0	1	105	-3.1058	4.2474	1	5.8942	3.2474	0	-7.3438	1	1
5	162.55	-0.24129	-7.5606	-0.24129	-7.5606	0	1	105	-3.1058	4.2474	1	5.8942	3.2474	0	-7.3438	1	1
5	179.41	-0.24129	-7.5606	-0.24129	-7.5606	0	1	105	-3.1058	4.2474	1	5.8942	3.2474	0	-7.3438	1	1
5	195.91	-0.24129	-7.5606	-0.24129	-7.5606	0	1	105	-3.1058	4.2474	1	5.8942	3.2474	0	-7.3438	1	1
5	212.59	-0.24129	-7.5606	-0.24129	-7.5606	0	1	105	-3.1058	4.2474	1	5.8942	3.2474	0	-7.3438	1	1
5	229.16	-0.24129	-7.5606	-0.24129	-7.5606	0	1	105	-3.1058	4.2474	1	5.8942	3.2474	0	-7.3438	1	1
5	245.68	-0.24129	-7.5606	-0.24129	-7.5606	0	1	105	-3.1058	4.2474	1	5.8942	3.2474	0	-7.3438	1	1
5	262.25	-0.24129	-7.5606	-0.24129	-7.5606	0	1	105	-3.1058	4.2474	1	5.8942	3.2474	0	-7.3438	1	1
5	278.87	-0.2614	-7.5606	-0.2614	-7.5606	0	1	105	-3.1058	4.2474	1	5.8942	3.2474	0	-7.3438	1	1
5	295.49	-0.2614	-7.5606	-0.2614	-7.5606	0	1	105	-3.1058	4.2474	1	5.8942	3.2474	0	-7.3438	1	1
5	312.04	-0.2614	-7.5606	-0.2614	-7.5606	0	1	105	-3.1058	4.2474	1	5.8942	3.2474	0	-7.3438	1	1
5	328.65	-0.2614	-7.5606	-0.2614	-7.5606	0	1	105	-3.1058	4.2474	1	5.8942	3.2474	0	-7.3438	1	1
5	345.24	-0.2614	-7.5606	-0.2614	-7.5606	0	1	105	-3.1058	4.2474	1	5.8942	3.2474	0	-7.3438	1	1
5	361.8	-0.2614	-7.5606	-0.2614	-7.5606	0	1	105	-3.1058	4.2474	1	5.8942	3.2474	0	-7.3438	1	1
5	378.42	-0.28151	-7.5606	-0.28151	-7.5606	0	1	105	-3.1058	4.2474	1	5.8942	3.2474	0	-7.3438	1	1
5	395.01	-0.28151	-7.5606	-0.28151	-7.5606	0	1	105	-3.1058	4.2474	1	5.8942	3.2474	0	-7.3438	1	1
5	411.61	-0.28151	-7.5606	-0.28151	-7.5606	0	1	105	-3.1058	4.2474	1	5.8942	3.2474	0	-7.3438	1	1
5	428.17	-0.2614	-7.5606	-0.2614	-7.5606	0	1	105	-3.1058	4.2474	1	5.8942	3.2474	0	-7.3438	1	1
5	444.82	-0.2614	-7.5927	-0.2614	-7.5927	0	1	105	-3.1058	4.2474	1	5.8942	3.2474	0	-7.3438	1	1
5	461.58	-0.2614	-7.5927	-0.2614	-7.5927	0	1	105	-3.1058	4.2474	1	5.8942	3.2474	0	-7.3438	1	1
5	477.77	-0.2614	-7.5927	-0.2614	-7.5927	0	1	105	-3.1058	4.2474	1	5.8942	3.2474	0	-7.3438	1	1
5	494.58	-0.2614	-7.5927	-0.2614	-7.5927	0	1	105	-3.1058	4.2474	1	5.8942	3.2474	0	-7.3438	1	1
5	510.92	-0.2614	-7.5927	-0.2614	-7.5927	0	1	105	-3.1058	4.2474	1	5.8942	3.2474	0	-7.3438	1	1
5	527.87	-0.2614	-7.5927	-0.2614	-7.5927	0	1	105	-3.1058	4.2474	1	5.8942	3.2474	0	-7.3438	1	1
5	544.39	-0.2614	-7.5927	-0.2614	-7.5927	0	1	105	-3.1058	4.2474	1	5.8942	3.2474	0	-7.3438	1	1
5	561.01	-0.2614	-7.5927	-0.2614	-7.5927	0	1	105	-3.1058	4.2474	1	5.8942	3.2474	0	-7.3438	1	1
5	577.59	-0.2614	-7.5927	-0.2614	-7.5927	0	1	105	-3.1058	4.2474	1	5.8942	3.2474	0	-7.3438	1	1
5	594.06	-0.2614	-7.5927	-0.2614	-7.5927	0	1	105	-3.1058	4.2474	1	5.8942	3.2474	0	-7.3438	1	1
5	610.77	-0.2614	-7.5927	-0.2614	-7.5927	0	1	105	-3.1058	4.2474	1	5.8942	3.2474	0	-7.3438	1	1
5	627.32	-0.2614	-7.5927	-0.2614	-7.5927	0	1	105	-3.1058	4.2474	1	5.8942	3.2474	0	-7.3438	1	1
5	643.97	-0.2614	-7.5606	-0.2614	-7.5606	0	1	105	-3.1058	4.2474	1	5.8942	3.2474	0	-7.3438	1	1
5	660.49	-0.30162	-7.4962	-0.30162	-7.4962	0	1	105	-3.1058	4.2474	1	5.8942	3.2474	0	-7.3438	1	1
5	677.15	-0.40216	-7.2388	-0.40216	-7.2388	0	1	105	-3.1058	4.2474	1	5.8942	3.2474	0	-7.3438	1	1
5	693.77	-0.5027	-7.0136	-0.5027	-7.0136	0	1	105	-3.1058	4.2474	1	5.8942	3.2474	0	-7.3438	1	1
5	710.48	-0.70378	-6.4345	-0.70378	-6.4345	0	1	105	-3.1058	4.2474	1	5.8942	3.2474	0	-7.3438	1	1
5	726.98	-0.82442	-6.1128	-0.82442	-6.1128	0	1	105	-3.1058	4.2474	1	5.8942	3.2474	0	-7.3438	1	1
5	743.36	-1.0858	-5.5015	-1.0858	-5.5015	0	1	105	-3.1058	4.2474	1	5.8942	3.2474	0	-7.3438	1	1
5	759.88	-1.3874	-4.9224	-1.3874	-4.9224	0	1	105	-3.1058	4.2474	1	5.8942	3.2474	0	-7.3438	1	1
5	776.69	-1.7293	-4.279	-1.7293	-4.279	0	2	105	-3.1058	4.2474	1	5.8942	3.2474	0	-7.3438	1	1
5	793.01	-1.8901	-3.9572	-1.8901	-3.9572	0	2	105	-3.1058	4.2474	1	5.8942	3.2474	0	-7.3438	1	1
5	809.92	-2.232	-3.1851	-2.232	-3.1851	0	2	105	-3.1058	4.2474	1	5.8942	3.2474	0	-7.3438	1	1
5	826.39	-2.4129	-2.799	-2.4129	-2.799	0	2	105	-3.1058	4.2474	1	5.8942	3.2474	0	-7.3438	1	1
5	843.08	-2.7146	-1.9304	-2.7146	-1.9304	0	2	105	-3.1058	4.2474	1	5.8942	3.2474	0	-7.3438	1	1
5	859.68	-2.976	-0.99735	-2.976	-0.99735	0	2	105	-3.1058	4.2474	1	5.8942	3.2474	0	-7.3438	1	1
5	876.26	-3.2374	-0.12869	-3.2374	-0.12869	0	2	105	-3.1058	4.2474	1	5.8942	3.2474	0	-7.3438	1	1
5	892.88	-3.3781	0.28955	-3.3781	0.28955	0	2	105	-3.1058	4.2474	1	5.8942	3.2474	0	-7.3438	1	1
5	909.52	-3.6596	1.126	-3.6596	1.126	0	2	105	-3.1058	4.2474	1	5.8942	3.2474	0	-7.3438	1	1
5	926.07	-3.8205	1.5443	-3.8205	1.5443	0	2	105	-3.1058	4.2474	1	5.8942	3.2474	0	-7.3438	1	1
5	942.58	-4.0819	2.3808	-4.0819	2.3808	0	2	105	-3.1058	4.2474	1	5.8942	3.2474	0	-7.3438	1	1
5	959.42	-4.3031	3.1529	-4.3031	3.1529	0	2	105	-3.1058	4.2474	1	5.8942	3.2474	0	-7.3438	1	1
5	975.87	-4.464	3.8285	-4.464	3.8285	0	2	105	-3.1058	4.2474	1	5.8942	3.2474	0	-7.3438	1	1
5	992.49	-4.5042	4.0859	-4.5042	4.0859	0	2	105	-3.1058	4.2474	1	5.8942	3.2474	0	-7.3438	1	1
5	1009.1	-4.5444	4.472	-4.5444	4.472	0	2	105	-3.1058	4.2474	1	5.8942	3.2474	0	-7.3438	1	1
5	1025.6	-4.5243	4.6007	-4.5243	4.6007	0	2	105	-3.1058	4.2474	1	5.8942	3.2474	0	-7.3438	1	1
5	1042.1	-4.4237	4.8902	-4.4237	4.8902	0	2	105	-3.1058	4.2474	1	5.8942	3.2474	0	-7.3438	1	1
5	1058.8	-4.3031	5.1154	-4.3031	5.1154	0	2	105	-3.1058	4.2474	1	5.8942	3.2474	0	-7.3438	1	1
5	1075.4	-4.2629	5.212	-4.2629	5.212	0	2	105	-3.1058	4.2474	1	5.8942	3.2474	0	-7.3438	1	1
5	1092	-4.1623	5.3407	-4.1623	5.3407	0	2	105	-3.1058	4.2474	1	5.8942	3.2474	0	-7.3438	1	1
5	1108.6	-4.0216	5.4372	-4.0216	5.4372	0	2	105	-3.1058	4.2474	1	5.8942	3.2474	0	-7.3438	1	1
5	1125	-3.921	5.4372	-3.921	5.4372	0	2	105	-3.1058	4.2474	1	5.8942	3.2474	0	-7.3438	1	1
5	1141.7	-3.5993	5.405	-3.5993	5.405	0	2	105	-3.1058	4.2474	1	5.8942	3.2474	0	-7.3438	1	1
5	1158.1	-3.2374	5.3728	-3.2374	5.3728	0	2	105	-3.1058	4.2474	1	5.8942	3.2474	0	-7.3438	1	1
5	1174.7	-3.0765	5.3728	-3.0765	5.3728	0	2	105	-3.1058	4.2474	1	5.8942	3.2474	0	-7.3438	1	1
5	1191.4	-2.7749	5.3085	-2.7749	5.3085	0	2	105	-3.1058	4.2474	1	5.8942	3.2474	0	-7.3438	1	1
5	1207.9	-2.614	5.2763	-2.614	5.2763	0	2	105	-3.1058	4.2474	1	5.8942	3.2474	0	-7.3438	1	1
5	1224.5	-2.2722	5.1154	-2.2722	5.1154	0	2	105	-3.1058	4.2474	1	5.8942	3.2474	0	-7.3438	1	1
5	1241.1	-1.87	4.9224	-1.87	4.9224	0	2	105	-3.1058	4.2474	1	5.8942	3.2474	0	-7.3438	1	1
5	1257.7	-1.4076	4.665	-1.4076	4.665	0	2	105	-3.1058	4.2474	1	5.8942	3.2474	0	-7.3438	1	1
5	1274.3	-1.1461	4.5685	-1.1461	4.5685	0	2	105	-3.1058	4.2474	1	5.8942	3.2474	0	-7.3438	1	1
5	1291	-0.62334	4.4076	-0.62334	4.4076	0	2	105	-3.1058	4.2474	1	5.8942	3.2474	0	-7.3438	1	1
5	1307.6	-0.34183	4.3755	-0.34183	4.3755	0	2	105	-3.1058	4.2474	1	5.8942	3.2474	0	-7.3438	1	1
5	1324.2	0.22119	4.279	0.22119	4.279	0	2	105	-3.1058	4.2474	1	5.8942	3.2474	0	-7.3438	1	1
5	1340.6	0.72388	4.1503	0.72388	4.1503	0	2	105	-3.1058	4.2474	1	5.8942	3.2474	0	-7.3438	1	1
5	1357.3	1.1663	4.0216	1.1663	4.0216	0	2	105	-3.1058	4.2474	1	5.8942	3.2474	0	-7.3438	1	1
5	1373.8	1.3673	3.9572	1.3673	3.9572	0	2	105	-3.1058	4.2474	1	5.8942	3.2474	0	-7.3438	1	1
5	1390.4	1.7695	3.8929	1.7695	3.8929	0	2	105	-3.1058	4.2474	1	5.8942	3.2474	0	-7.3438	1	1
5	1407.1	1.9907	3.8929	1.9907	3.8929	0	2	105	-3.1058	4.2474	1	5.8942	3.2474	0	-7.3438	1	1
5	1423.7	2.4934	3.9251	2.4934	3.9251	0	2	105	-3.1058	4.2474	1	5.8942	3.2474	0	-7.3438	1	1
5	1440.3	3.0363	4.0538	3.0363	4.0537	0	2	105	-3.1058	4.2474	1	5.8942	3.2474	0	-7.3438	1	1
5	1457	3.539	4.1824	3.539	4.1824	0	2	105	-3.1058	4.2474	1	5.8942	3.2474	0	-7.3438	1	1
5	1473.5	3.7803	4.279	3.7803	4.279	0	2	105	-3.1058	4.2474	1	5.8942	3.2474	0	-7.3438	1	1
5	1490.7	4.1422	4.4076	4.1422	4.4076	0	2	105	-3.1058	4.2474	1	5.8942	3.2474	0	-7.3438	1	1
5	1506.7	4.2629	4.4398	4.2629	4.4398	0	2	105	-3.1058	4.2474	1	5.8942	3.2474	0	-7.3438	1	1
5	1523.2	4.3433	4.472	4.3433	4.472	0	2	105	-3.1058	4.2474	1	5.8942	3.2474	0	-7.3438	1	1
5	1539.9	4.3031	4.472	4.3031	4.472	0	2	105	-3.1058	4.2474	1	5.8942	3.2474	0	-7.3438	1	1
5	1556.6	4.0618	4.4076	4.0618	4.4076	0	2	105	-3.1058	4.2474	1	5.8942	3.2474	0	-7.3438	1	1
5	1573.2	3.5993	4.3111	3.5993	4.3111	0	2	105	-3.1058	4.2474	1	5.8942	3.2474	0	-7.3438	1	1
5	1589.8	2.9559	4.1181	2.9559	4.1181	0	2	105	-3.1058	4.2474	1	5.8942	3.2474	0	-7.3438	1	1
5	1606.3	2.5939	4.0216	2.5939	4.0216	0	2	105	-3.1058	4.2474	1	5.8942	3.2474	0	-7.3438	1	1
5	1623	1.7896	3.7964	1.7896	3.7964	0	2	105	-3.1058	4.2474	1	5.8942	3.2474	0	-7.3438	1	1
5	1639.6	1.3472	3.6999	1.3472	3.6999	0	2	105	-3.1058	4.2474	1	5.8942	3.2474	0	-7.3438	1	1
5	1656.2	0.48259	3.5068	0.48259	3.5068	0	2	105	-3.1058	4.2474	1	5.8942	3.2474	0	-7.3438	1	1
5	1672.7	-0.38205	3.346	-0.38205	3.346	0	2	105	-3.1058	4.2474	1	5.8942	3.2474	0	-7.3438	1	1
5	1689.3	-1.1663	3.2173	-1.1663	3.2173	0	2	105	-3.1058	4.2474	1	5.8942	3.2474	0	-7.3438	1	1
5	1705.9	-1.5483	3.1529	-1.5483	3.1529	0	2	105	-3.1058	4.2474	1	5.8942	3.2474	0	-7.3438	1	1
5	1722.6	-2.2521	3.0242	-2.2521	3.0242	0	2	105	-3.1058	4.2474	1	5.8942	3.2474	0	-7.3438	1	1
5	1739.2	-2.5738	2.9599	-2.5738	2.9599	0	2	105	-3.1058	4.2474	1	5.8942	3.2474	0	-7.3438	1	1
5	1755.8	-3.1368	2.8955	-3.1368	2.8955	0	2	105	-3.1058	4.2474	1	5.8942	3.2474	0	-7.3438	1	1
5	1772.3	-3.5591	2.8634	-3.5591	2.8634	0	2	105	-3.1058	4.2474	1	5.8942	3.2474	0	-7.3438	1	1
5	1788.9	-3.8004	2.8634	-3.8004	2.8634	0	2	105	-3.1058	4.2474	1	5.8942	3.2474	0	-7.3438	1	1
5	1805.8	-3.8808	2.8955	-3.8808	2.8955	0	2	105	-3.1058	4.2474	1	5.8942	3.2474	0	-7.3438	1	1
5	1822	-3.9411	2.9599	-3.9411	2.9599	0	2	105	-3.1058	4.2474	1	5.8942	3.2474	0	-7.3438	1	1
5	1838.6	-3.9411	2.9921	-3.9411	2.9921	0	2	105	-3.1058	4.2474	1	5.8942	3.2474	0	-7.3438	1	1
5	1855.3	-3.921	3.0886	-3.921	3.0886	0	2	105	-3.1058	4.2474	1	5.8942	3.2474	0	-7.3438	1	1
5	1871.9	-3.8406	3.1851	-3.8406	3.1851	0	2	105	-3.1058	4.2474	1	5.8942	3.2474	0	-7.3438	1	1
5	1888.5	-3.6395	3.2816	-3.6395	3.2816	0	2	105	-3.1058	4.2474	1	5.8942	3.2474	0	-7.3438	1	1
5	1905	-3.5189	3.346	-3.5189	3.346	0	2	105	-3.1058	4.2474	1	5.8942	3.2474	0	-7.3438	1	1
5	1921.6	-3.2575	3.4746	-3.2575	3.4746	0	2	105	-3.1058	4.2474	1	5.8942	3.2474	0	-7.3438	1	1
5	1938.3	-3.1368	3.539	-3.1368	3.539	0	2	105	-3.1058	4.2474	1	5.8942	3.2474	0	-7.3438	1	1
5	1954.8	-2.9559	3.539	-2.9559	3.6355	0	2	105	-3.1058	4.2474	1	5.8942	3.2474	0	-7.3438	1	1
5	1971.5	-2.8151	3.539	-2.8151	3.6999	0	2	105	-3.1058	4.2474	1	5.8942	3.2474	0	-7.3438	1	1
5	1988.1	-2.6945	3.539	-2.6945	3.7642	0	3	105	-3.1058	4.2474	1	5.8942	3.2474	0	-7.3438	1	1
5	2004.7	-2.6341	3.539	-2.6341	3.8285	0	4	105	-3.1058	4.2474	1	5.8942	3.2474	0	-7.3438	1	1
5	2021.3	-2.5336	3.539	-2.5336	3.9251	0	4	105	-3.1058	4.2474	1	5.8942	3.2474	0	-7.3438	1	1
5	2037.8	-2.4934	3.539	-2.4934	3.9572	0	4	105	-3.1058	4.2474	1	5.8942	3.2474	0	-7.3438	1	1
5	2054.4	-2.4532	3.539	-2.4532	4.0537	0	4	105	-3.1058	4.2474	1	5.8942	3.2474	0	-7.3438	1	1
5	2071.1	-2.4331	3.539	-2.4331	4.0859	0	4	105	-3.1058	4.2474	1	5.8942	3.2474	0	-7.3438	1	1
5	2087.6	-2.4331	3.539	-2.4331	4.0859	0	4	105	-3.1058	4.2474	1	5.8942	3.2474	0	-7.3438	1	1
5	2104.2	-2.4129	3.539	-2.4129	4.1181	0	4	105	-3.1058	4.2474	1	5.8942	3.2474	0	-7.3438	1	1
5	2120.6	-2.3928	3.539	-2.3928	4.1503	0	4	105	-3.1058	4.2474	1	5.8942	3.2474	0	-7.3438	1	1
5	2136.9	-2.3727	3.539	-2.3727	4.1824	0	4	105	-3.1058	4.2474	1	5.8942	3.2474	0	-7.3438	1	1
5	2153.9	-2.3325	3.539	-2.3325	4.1824	0	4	105	-3.1058	4.2474	1	5.8942	3.2474	0	-7.3438	1	1
5	2170.4	-2.3124	3.539	-2.3124	4.2146	0	4	105	-3.1058	4.2474	1	5.8942	3.2474	0	-7.3438	1	1
5	2186.7	-2.2722	3.539	-2.2722	4.1824	0	4	105	-3.1058	4.2474	1	5.8942	3.2474	0	-7.3438	1	1
5	2203.6	-2.1717	3.539	-2.1717	4.1503	0	4	105	-3.1058	4.2474	1	5.8942	3.2474	0	-7.3438	1	1
5	2220.1	-1.9706	3.539	-1.9706	4.1181	0	4	105	-3.1058	4.2474	1	5.8942	3.2474	0	-7.3438	1	1
5	2236.9	-1.8499	3.539	-1.8499	4.1181	0	4	105	-3.1058	4.2474	1	5.8942	3.2474	0	-7.3438	1	1
5	2253.6	-1.488	3.539	-1.488	4.1181	0	4	105	-3.1058	4.2474	1	5.8942	3.2474	0	-7.3438	1	1
5	2270.2	-1.0456	3.539	-1.0456	4.0859	0	4	105	-3.1058	4.2474	1	5.8942	3.2474	0	-7.3438	1	1
5	2286.8	-0.7641	3.539	-0.7641	4.0537	0	4	105	-3.1058	4.2474	1	5.8942	3.2474	0	-7.3438	1	1
5	2303.4	-0.12065	3.539	-0.12065	4.0537	0	4	105	-3.1058	4.2474	1	5.8942	3.2474	0	-7.3438	1	1
5	2319.9	0.24129	3.539	0.24129	4.0537	0	4	105	-3.1058	4.2474	1	5.8942	3.2474	0	-7.3438	1	1
5	2336.6	1.0054	3.539	1.0054	4.0537	0	4	105	-3.1058	4.2474	1	5.8942	3.2474	0	-7.3438	1	1
5	2353.2	1.7494	3.539	1.7494	4.0537	0	4	105	-3.1058	4.2474	1	5.8942	3.2474	0	-7.3438	1	1
5	2369.7	2.4532	3.539	2.4532	4.0537	0	4	105	-3.1058	4.2474	1	5.8942	3.2474	0	-7.3438	1	1
5	2386.3	2.795	3.539	2.795	4.0859	0	4	105	-3.1058	4.2474	1	5.8942	3.2474	0	-7.3438	1	1
5	2402.9	3.4586	3.539	3.4586	4.1181	0	4	105	-3.1058	4.2474	1	5.8942	3.2474	0	-7.3438	1	1
5	2419.6	3.7803	3.539	3.7803	4.1503	0	4	105	-3.1058	4.2474	1	5.8942	3.2474	0	-7.3438	1	1
5	2436.5	4.3835	3.539	4.3835	4.2468	0	4	105	-3.1058	4.2474	1	5.8942	3.2474	0	-7.3438	1	1
5	2452.7	4.9063	4.3111	4.9063	4.3111	0	4	105	-3.1058	4.2474	1	5.8942	3.2474	0	-7.3438	1	1
5	2469.2	5.3487	4.3433	5.3487	4.3433	0	4	105	-3.1058	4.2474	1	5.8942	3.2474	0	-7.3438	1	1
5	2485.9	5.5297	4.3433	5.5297	4.3433	0	4	105	-3.1058	4.2474	1	5.8942	3.2474	0	-7.3438	1	1
5	2502.5	5.8514	4.3433	5.8514	4.3433	0	4	105	-3.1058	4.2474	1	5.8942	3.2474	0	-7.3438	1	1
5	2519.1	5.9922	4.3433	5.9922	4.3433	0	5	105	-3.1058	4.2474	1	5.8942	3.2474	0	-7.3438	1	1
5	2535.6	6.2536	4.3433	6.2536	4.3433	0	5	105	-3.1058	4.2474	1	5.8942	3.2474	0	-7.3438	1	1
5	2552.3	6.4144	4.3433	6.4144	4.3433	0	5	105	-3.1058	4.2474	1	5.8942	3.2474	0	-7.3438	1	1
5	2568.9	6.4747	4.279	6.4747	4.279	0	5	105	-3.1058	4.2474	1	5.8942	3.2474	0	-7.3438	1	1
5	2585.5	6.4546	4.2468	6.4546	4.2468	0	5	105	-3.1058	4.2474	1	5.8942	3.2474	0	-7.3438	1	1
5	2602.1	6.3541	4.1181	6.3541	4.1181	0	5	105	-3.1058	4.2474	1	5.8942	3.2474	0	-7.3438	1	1
5	2618.7	6.2536	4.0216	6.2536	4.0216	0	5	105	-3.1058	4.2474	1	5.8942	3.2474	0	-7.3438	1	1
5	2635.3	6.0123	3.7642	6.0123	3.7642	0	5	105	-3.1058	4.2474	1	5.8942	3.2474	0	-7.3438	1	1
5	2651.8	5.9117	3.6355	5.9117	3.6355	0	5	105	-3.1058	4.2474	1	5.8942	3.2474	0	-7.3438	1	1
5	2668.4	5.6704	3.3781	5.6704	3.3781	0	5	105	-3.1058	4.2474	1	5.8942	3.2474	0	-7.3438	1	1
5	2685.1	5.3889	3.1207	5.3889	3.1207	0	5	105	-3.1058	4.2474	1	5.8942	3.2474	0	-7.3438	1	1
5	2701.6	5.0672	2.7668	5.0672	2.7668	0	5	105	-3.1058	4.2474	1	5.8942	3.2474	0	-7.3438	1	1
5	2718.1	4.9063	2.5416	4.9063	2.5416	0	5	105	-3.1058	4.2474	1	5.8942	3.2474	0	-7.3438	1	1
5	2734.8	4.5243	2.1234	4.5243	2.1234	0	5	105	-3.1058	4.2474	1	5.8942	3.2474	0	-7.3438	1	1
5	2751.4	4.3433	1.8982	4.3433	1.8982	0	5	105	-3.1058	4.2474	1	5.8942	3.2474	0	-7.3438	1	1
5	2768	3.9411	1.4156	3.9411	1.4156	0	5	105	-3.1058	4.2474	1	5.8942	3.2474	0	-7.3438	1	1
5	2784.4	3.539	0.90083	3.539	0.90083	0	5	105	-3.1058	4.2474	1	5.8942	3.2474	0	-7.3438	1	1
5	2801.1	3.1368	0.32173	3.1368	0.32173	0	5	105	-3.1058	4.2474	1	5.8942	3.2474	0	-7.3438	1	1
5	2817.4	2.9358	0	2.9358	0	0	5	105	-3.1058	4.2474	1	5.8942	3.2474	0	-7.3438	1	1
5	2834.4	2.5537	-0.7078	2.5537	-0.7078	0	5	105	-3.1058	4.2474	1	5.8942	3.2474	0	-7.3438	1	1
5	2850.9	2.3526	-1.0939	2.3526	-1.0939	0	5	105	-3.1058	4.2474	1	5.8942	3.2474	0	-7.3438	1	1
5	2867.5	1.9505	-1.8982	1.9505	-1.8982	0	5	105	-3.1058	4.2474	1	5.8942	3.2474	0	-7.3438	1	1
5	2884.1	1.5684	-2.6703	1.5684	-2.6703	0	5	105	-3.1058	4.2474	1	5.8942	3.2474	0	-7.3438	1	1
5	2900.7	1.2467	-3.4103	1.2467	-3.4103	0	5	105	-3.1058	4.2474	1	5.8942	3.2474	0	-7.3438	1	1
5	2917.3	1.1059	-3.7964	1.1059	-3.7964	0	5	105	-3.1058	4.2474	1	5.8942	3.2474	0	-7.3438	1	1
5	2933.9	0.84453	-4.5685	0.84453	-4.5685	0	5	105	-3.1058	4.2474	1	5.8942	3.2474	0	-7.3438	1	1
5	2950.5	0.70378	-4.9546	0.70378	-4.9546	0	5	105	-3.1058	4.2474	1	5.8942	3.2474	0	-7.3438	1	1
5	2967.1	0.46248	-5.6946	0.46248	-5.6946	0	5	105	-3.1058	4.2474	1	5.8942	3.2474	0	-7.3438	1	1
5	2983.7	0.20108	-6.4024	0.20108	-6.4024	0	5	105	-3.1058	4.2474	1	5.8942	3.2474	0	-7.3438	1	1
5	3000.3	0	-7.0458	0	-7.0458	0	5	105	-3.1058	4.2474	1	5.8942	3.2474	0	-7.3438	1	1
